SWV ITM Data Console - ITM Port: 0

=== PARKINSON TREMOR MONITOR ===
IMU init... OK
FFT INIT STATUS: 0
TIME_MS,GX_DPS,GY_DPS,GZ_DPS,GYRO_MAG,AX_MG,AY_MG,AZ_MG,ACCEL_MAG,ACCEL_VERT,JERK_MG_S,DOMINANT_HZ,PEAK_FFT_MAG,BAND_ENERGY,GLOBAL_HZ,GLOBAL_MAG,TREMOR,TREMOR_PCT
142,-12.3725,-2.1175,13.6500,18.5441,470.80,-290.85,103.82,563.05,103.82,351.42,0.0000,0.00,0.00,0.0000,0.00,0,0.0
242,-14.1925,7.6650,21.8925,27.1930,440.42,-259.01,116.14,523.97,116.14,286.28,0.0000,0.00,0.00,0.0000,0.00,0,0.0
342,-9.6250,16.4325,22.0150,29.1089,461.89,-243.02,141.03,540.64,141.03,840.54,0.0000,0.00,0.00,0.0000,0.00,0,0.0
442,-16.9050,11.6900,13.7550,24.7313,414.80,-219.36,22.33,469.76,22.33,986.61,0.0000,0.00,0.00,0.0000,0.00,0,0.0
542,-78.5750,-25.3050,-10.3600,83.1968,449.69,-195.69,84.42,497.64,84.42,3058.21,0.0000,0.00,0.00,0.0000,0.00,0,0.0
642,5.9675,-76.7025,-4.1300,77.0451,344.53,-274.38,-5.98,440.48,-5.98,697.51,0.0000,0.00,0.00,0.0000,0.00,0,0.0
742,-155.5925,42.4550,-24.4825,163.1283,478.73,-257.79,-119.80,556.76,-119.80,512.83,0.0000,0.00,0.00,0.0000,0.00,0,0.0
842,8.9950,-20.7025,-20.8775,30.7469,226.68,-256.08,-166.77,380.49,-166.77,3722.59,0.0000,0.00,0.00,0.0000,0.00,0,0.0
942,-53.7600,23.5550,46.9700,75.1742,367.10,-326.96,-67.10,496.15,-67.10,589.13,0.0000,0.00,0.00,0.0000,0.00,0,0.0
1042,-1.9250,-14.6475,-27.9825,31.6429,457.87,-302.93,16.96,549.27,16.96,4018.24,0.0000,0.00,0.00,0.0000,0.00,0,0.0
1142,-18.9000,-19.3550,60.4975,66.2705,371.49,-248.03,-45.51,448.99,-45.51,4553.55,0.0000,0.00,0.00,0.0000,0.00,0,0.0
1242,21.5775,24.8850,90.8775,96.6622,329.03,-281.21,-60.39,437.02,-60.39,7118.10,0.0000,0.00,0.00,0.0000,0.00,0,0.0
1342,26.5300,32.9350,7.8050,43.0055,184.59,-418.46,-5.61,457.40,-5.61,5993.08,0.0000,0.00,0.00,0.0000,0.00,0,0.0
1442,37.6425,6.3525,-110.2500,116.6721,471.90,-201.42,-15.62,513.32,-15.62,2766.00,0.0000,0.00,0.00,0.0000,0.00,0,0.0
1542,14.9275,-106.3125,-27.6675,110.8633,437.13,-297.44,-84.55,535.44,-84.55,25528.80,0.0000,0.00,0.00,0.0000,0.00,0,0.0
1642,49.2275,-139.2475,96.3200,176.3257,349.16,-286.33,-63.44,455.99,-63.44,8069.14,0.0000,0.00,0.00,0.0000,0.00,0,0.0
1742,-1.8900,23.4500,79.1000,82.5244,274.99,-338.06,-78.32,442.76,-78.32,4989.35,0.0000,0.00,0.00,0.0000,0.00,0,0.0
1842,30.5200,238.7875,0.3500,240.7303,190.69,-140.67,-10.61,237.19,-10.61,70.73,0.0000,0.00,0.00,0.0000,0.00,0,0.0
1942,-27.4925,-109.5325,-137.3050,177.7804,805.20,55.14,-135.79,818.43,-135.79,2226.59,0.0000,0.00,0.00,0.0000,0.00,0,0.0
2042,245.9100,79.3100,10.5875,258.5999,108.58,89.79,-331.35,360.06,-331.35,13231.99,0.0000,0.00,0.00,0.0000,0.00,0,0.0
2142,30.2400,90.0550,-23.1875,97.7856,222.65,-391.38,270.72,525.39,270.72,5153.99,0.0000,0.00,0.00,0.0000,0.00,0,0.0
2242,60.9875,23.4500,-274.1725,281.8509,461.89,-477.63,68.44,667.95,68.44,52540.75,0.0000,0.00,0.00,0.0000,0.00,0,0.0
2342,43.8375,60.9000,-76.4225,107.1025,704.55,-251.08,341.23,822.11,341.23,27196.39,0.0000,0.00,0.00,0.0000,0.00,0,0.0
2442,71.5925,35.0175,32.3225,86.0026,238.88,-194.35,207.89,371.55,207.89,8269.40,0.0000,0.00,0.00,0.0000,0.00,0,0.0
2542,-52.9550,-41.9475,-194.6525,206.0423,311.71,149.69,88.21,356.86,88.21,2900.81,0.0000,0.00,0.00,0.0000,0.00,0,0.0
2642,118.6325,-84.7700,-115.2725,185.8692,504.10,195.32,113.83,552.47,113.83,5030.49,3.6562,1400.38,5062.06,0.4062,3134.81,0,0.0
2742,123.4975,-77.5600,-218.2950,262.5260,522.16,269.50,38.67,588.88,38.67,1685.78,3.6562,1400.38,5062.06,0.4062,3134.81,0,0.0
2842,-9.6250,-127.3125,-117.9325,173.8079,610.37,186.29,117.24,648.84,117.24,1695.80,3.6562,1400.38,5062.06,0.4062,3134.81,0,0.0
2942,-87.1150,-68.0750,-21.5075,112.6313,497.64,251.20,-33.43,558.45,-33.43,6566.31,3.6562,1400.38,5062.06,0.4062,3134.81,0,0.0
3042,-30.2400,-68.1625,-24.5350,78.5019,404.31,327.08,-123.71,534.56,-123.71,5753.67,3.6562,1400.38,5062.06,0.4062,3134.81,0,0.0
3142,-59.8675,-6.8775,-0.5950,60.2642,379.18,391.50,-106.14,555.26,-106.14,4048.61,3.6562,1400.38,5062.06,0.4062,3134.81,0,0.0
3242,-170.9400,-36.9075,173.9325,246.6479,1048.71,34.53,67.83,1051.47,67.83,1048.25,3.6562,1400.38,5062.06,0.4062,3134.81,0,0.0
3342,-433.6850,-257.8450,-573.3700,763.7538,120.17,1020.53,-350.87,1085.83,-350.87,18658.72,3.6562,1400.38,5062.06,0.4062,3134.81,0,0.0
3442,100.8525,-42.0875,46.9350,118.9348,-190.32,356.73,-313.54,511.65,-313.54,12744.21,3.6562,1400.38,5062.06,0.4062,3134.81,0,0.0
3542,28.8225,-26.1100,57.4175,69.3487,110.04,413.58,-133.59,448.34,-133.59,1526.50,3.6562,1400.38,5062.06,0.4062,3134.81,0,0.0
3642,-107.4850,35.3150,75.8625,136.2178,259.74,471.65,-20.25,538.82,-20.25,4594.06,3.6562,1400.38,5062.06,0.4062,3134.81,0,0.0
3742,16.1000,-49.5950,-119.9800,130.8208,308.54,419.56,-199.59,557.73,-199.59,32153.69,3.6562,1400.38,5062.06,0.4062,3134.81,0,0.0
3842,31.7450,2.9050,-31.8500,45.0623,203.50,376.74,-167.63,459.83,-167.63,11419.30,3.6562,1400.38,5062.06,0.4062,3134.81,0,0.0
3942,-51.6775,31.7625,192.5875,201.9142,349.16,404.67,-145.18,553.85,-145.18,22911.26,3.6562,1400.38,5062.06,0.4062,3134.81,0,0.0
4042,-177.7125,60.2175,10.3600,187.9234,630.62,167.02,-118.22,662.99,-118.22,8061.43,3.6562,1400.38,5062.06,0.4062,3134.81,0,0.0
4142,35.2275,37.3800,-125.1600,135.2896,398.82,340.14,-124.68,538.79,-124.68,1883.51,3.6562,1400.38,5062.06,0.4062,3134.81,0,0.0
4242,26.5825,-13.4750,18.7250,35.1970,503.86,153.60,-102.72,536.67,-102.72,6890.52,3.6562,1400.38,5062.06,0.4062,3134.81,0,0.0
4342,34.9125,13.1600,28.2975,46.8275,592.55,58.19,-104.07,604.43,-104.07,176.83,3.6562,1400.38,5062.06,0.4062,3134.81,0,0.0
4442,-1.3825,-1.1550,25.3925,25.4563,252.66,272.18,11.10,371.54,11.10,10534.50,3.6562,1400.38,5062.06,0.4062,3134.81,0,0.0
4542,11.5325,64.8725,-57.9425,87.7427,904.14,133.47,107.60,920.25,107.60,4045.59,3.6562,1400.38,5062.06,0.4062,3134.81,0,0.0
4642,11.0250,-22.7325,-32.3575,41.0527,552.54,126.64,-93.82,574.58,-93.82,7757.78,3.6562,1400.38,5062.06,0.4062,3134.81,0,0.0
4742,8.4175,7.9275,0.6125,11.5791,480.92,153.35,-75.15,510.35,-75.15,1793.49,3.6562,1400.38,5062.06,0.4062,3134.81,0,0.0
4842,-12.2675,34.3700,-17.6400,40.5334,217.04,172.14,104.92,296.22,104.92,3477.98,3.6562,1400.38,5062.06,0.4062,3134.81,0,0.0
4942,0.2800,92.0675,-83.5100,124.2997,459.09,274.38,261.57,595.37,261.57,3328.73,3.6562,1400.38,5062.06,0.4062,3134.81,0,0.0
5042,-67.6900,140.8050,-53.4100,165.1079,532.90,273.52,324.52,681.25,324.52,1760.19,3.6562,1400.38,5062.06,0.4062,3134.81,0,0.0
5142,-58.1700,86.5900,-68.8450,124.9848,699.91,307.20,184.34,786.28,184.34,1171.73,3.6562,1400.38,5062.06,0.4062,3134.81,0,0.0
5242,-39.2350,81.2700,-23.2750,93.1983,639.52,299.51,26.72,706.69,26.72,255.05,5.2812,4153.66,16344.03,0.4062,6176.31,1,50.0
5342,-0.3500,18.9875,38.8150,43.2117,584.75,314.88,-45.99,665.73,-45.99,593.07,5.2812,4153.66,16344.03,0.4062,6176.31,1,50.0
5442,77.8225,-44.3100,81.1125,120.8261,586.94,359.29,53.68,690.27,53.68,2590.00,5.2812,4153.66,16344.03,0.4062,6176.31,1,50.0
5542,110.2325,-81.5850,100.4500,169.9927,615.25,386.98,205.33,755.28,205.33,853.19,5.2812,4153.66,16344.03,0.4062,6176.31,1,50.0
5642,81.4975,-121.4850,91.7175,172.6631,676.25,320.37,283.16,800.08,283.16,1482.26,5.2812,4153.66,16344.03,0.4062,6176.31,1,50.0
5742,49.8750,-150.4475,64.5575,171.1422,541.68,163.36,186.29,595.66,186.29,3810.85,5.2812,4153.66,16344.03,0.4062,6176.31,1,50.0
5842,39.3925,-99.2600,45.4825,116.0731,450.30,142.86,10.98,472.55,10.98,894.28,5.2812,4153.66,16344.03,0.4062,6176.31,1,50.0
5942,-6.3875,-50.5050,12.2675,52.3646,433.71,146.77,-66.86,462.72,-66.86,1665.27,5.2812,4153.66,16344.03,0.4062,6176.31,1,50.0
6042,30.8700,-13.3175,3.7275,33.8261,291.34,79.42,73.20,310.71,73.20,1344.90,5.2812,4153.66,16344.03,0.4062,6176.31,1,50.0
6142,19.4775,29.1550,-36.0325,50.2765,271.45,49.90,124.32,302.70,124.32,4859.05,5.2812,4153.66,16344.03,0.4062,6176.31,1,50.0
6242,-8.4350,87.3250,-72.3275,113.7017,436.88,115.90,138.71,472.80,138.71,186.54,5.2812,4153.66,16344.03,0.4062,6176.31,1,50.0
6342,-61.7225,99.5925,-71.0150,137.0090,589.50,254.98,104.19,650.68,104.19,4751.30,5.2812,4153.66,16344.03,0.4062,6176.31,1,50.0
6442,-75.8625,117.5825,-86.1875,164.3443,630.13,196.54,184.83,685.46,184.83,2355.69,5.2812,4153.66,16344.03,0.4062,6176.31,1,50.0
6542,-89.4425,110.1100,-94.3075,170.3469,598.78,299.14,194.35,696.99,194.35,1579.19,5.2812,4153.66,16344.03,0.4062,6176.31,1,50.0
6642,-43.3650,99.5050,-35.5600,114.2203,646.48,215.21,165.43,701.15,165.43,2263.09,5.2812,4153.66,16344.03,0.4062,6176.31,1,50.0
6742,-32.7425,38.9200,-13.9125,52.7295,493.00,156.77,158.97,541.20,158.97,2996.11,5.2812,4153.66,16344.03,0.4062,6176.31,1,50.0
6842,-3.6750,47.9150,0.5250,48.0586,452.13,197.15,110.17,505.40,110.17,3364.25,5.2812,4153.66,16344.03,0.4062,6176.31,1,50.0
6942,29.6100,-53.0425,29.6625,67.6027,595.12,247.05,64.05,647.53,64.05,5554.08,5.2812,4153.66,16344.03,0.4062,6176.31,1,50.0
7042,88.8300,-81.9875,63.1575,136.3876,506.91,261.32,239.61,618.60,239.61,1953.49,5.2812,4153.66,16344.03,0.4062,6176.31,1,50.0
7142,73.4825,-105.8575,42.1925,135.5939,566.81,360.14,300.85,735.86,300.85,7955.31,5.2812,4153.66,16344.03,0.4062,6176.31,1,50.0
7242,79.4325,-133.3325,67.3050,169.1657,618.05,286.58,253.76,726.99,253.76,2641.53,5.2812,4153.66,16344.03,0.4062,6176.31,1,50.0
7342,57.4175,-140.1750,43.9075,157.7139,598.78,312.56,74.54,679.55,74.54,1136.23,5.2812,4153.66,16344.03,0.4062,6176.31,1,50.0
7442,15.0150,-90.7375,58.7300,109.1236,479.09,163.24,95.28,515.03,95.28,407.02,5.2812,4153.66,16344.03,0.4062,6176.31,1,50.0
7542,-0.7000,-58.0825,54.9675,79.9718,366.37,90.89,-2.32,377.48,-2.32,1237.48,5.2812,4153.66,16344.03,0.4062,6176.31,1,50.0
7642,15.7500,-1.2600,3.2550,16.1321,208.01,74.30,50.63,226.61,50.63,3135.30,5.2812,4153.66,16344.03,0.4062,6176.31,1,50.0
7742,4.7950,49.9800,-46.3225,68.3137,184.83,100.89,101.02,233.55,101.02,1459.96,4.0625,467.91,1535.15,1.2188,4316.80,1,66.7
7842,-6.0900,100.2575,-90.3175,135.0774,346.48,154.82,104.31,393.57,104.31,1222.42,4.0625,467.91,1535.15,1.2188,4316.80,1,66.7
7942,-67.8650,174.0200,-92.5225,208.4443,627.57,112.48,274.38,694.10,274.38,7078.75,4.0625,467.91,1535.15,1.2188,4316.80,1,66.7
8042,-120.2600,139.5450,-104.3175,211.7012,745.42,280.84,282.31,845.12,282.31,849.68,4.0625,467.91,1535.15,1.2188,4316.80,1,66.7
8142,-87.6050,67.5325,-80.2725,136.6710,558.39,262.54,314.27,692.46,314.27,7516.59,4.0625,467.91,1535.15,1.2188,4316.80,1,66.7
8242,-52.8500,48.1775,-59.2200,92.8504,450.67,241.44,282.80,584.27,282.80,3058.14,4.0625,467.91,1535.15,1.2188,4316.80,1,66.7
8342,-25.3225,50.1550,-23.7825,61.0112,363.80,227.77,231.43,487.64,231.43,413.78,4.0625,467.91,1535.15,1.2188,4316.80,1,66.7
8442,-18.2700,17.8150,-19.4950,32.1126,464.09,195.69,130.42,520.27,130.42,176.51,4.0625,467.91,1535.15,1.2188,4316.80,1,66.7
8542,28.9450,-31.4825,24.6050,49.3393,523.14,286.70,68.44,600.46,68.44,130.93,4.0625,467.91,1535.15,1.2188,4316.80,1,66.7
8642,50.8025,-60.6550,56.4725,97.2063,491.42,261.08,222.89,599.44,222.89,408.06,4.0625,467.91,1535.15,1.2188,4316.80,1,66.7
8742,51.0825,-85.8025,63.5600,118.3696,467.87,235.70,297.68,602.55,297.68,1110.91,4.0625,467.91,1535.15,1.2188,4316.80,1,66.7
8842,88.7075,-92.9250,76.8600,149.7048,601.70,321.47,302.68,746.33,302.68,61.95,4.0625,467.91,1535.15,1.2188,4316.80,1,66.7
8942,82.5825,-88.2175,84.9275,147.6986,623.79,187.15,281.09,709.33,281.09,1444.37,4.0625,467.91,1535.15,1.2188,4316.80,1,66.7
9042,57.1900,-125.0900,72.5725,155.5152,554.00,96.01,214.60,601.82,214.60,3847.33,4.0625,467.91,1535.15,1.2188,4316.80,1,66.7
9142,30.4500,-117.0575,45.3775,129.1851,418.70,103.58,78.57,438.42,78.57,2756.15,4.0625,467.91,1535.15,1.2188,4316.80,1,66.7
9242,16.8000,-61.3900,30.8175,70.7156,337.33,34.77,-13.79,339.40,-13.79,750.26,4.0625,467.91,1535.15,1.2188,4316.80,1,66.7
9342,-5.0400,-24.6225,1.7325,25.1927,167.51,81.13,4.88,186.18,4.88,2514.14,4.0625,467.91,1535.15,1.2188,4316.80,1,66.7
9442,-8.7150,65.6075,-28.9625,72.2435,271.82,58.56,54.53,283.35,54.53,5816.83,4.0625,467.91,1535.15,1.2188,4316.80,1,66.7
9542,-48.6500,101.8325,-55.0550,125.5696,383.57,124.44,118.71,420.36,118.71,564.06,4.0625,467.91,1535.15,1.2188,4316.80,1,66.7
9642,-33.6700,148.3125,-72.4850,168.4765,575.96,240.22,187.39,651.58,187.39,937.07,4.0625,467.91,1535.15,1.2188,4316.80,1,66.7
9742,-54.9325,122.7100,-85.2775,159.2092,638.91,86.62,346.85,732.13,346.85,4281.67,4.0625,467.91,1535.15,1.2188,4316.80,1,66.7
9842,-116.6900,94.5000,-109.6550,185.9328,726.75,460.79,259.86,898.90,259.86,1833.10,4.0625,467.91,1535.15,1.2188,4316.80,1,66.7
9942,-66.7275,72.2925,-54.9500,112.6866,483.49,326.23,322.57,666.51,322.57,764.59,4.0625,467.91,1535.15,1.2188,4316.80,1,66.7
10042,-59.2025,61.3200,-1.2775,85.2450,387.84,221.92,296.58,536.31,296.58,1752.72,4.0625,467.91,1535.15,1.2188,4316.80,1,66.7
10142,-34.4750,38.4475,-21.5600,55.9604,499.71,232.04,144.57,569.61,144.57,1608.51,4.0625,467.91,1535.15,1.2188,4316.80,1,66.7
10242,7.2625,-14.2625,11.3575,19.6254,506.54,238.88,132.13,575.42,132.13,2986.51,4.0625,467.91,1535.15,1.2188,4316.80,1,66.7
10342,57.6800,-77.2800,25.3400,99.7060,404.19,251.69,247.54,536.64,247.54,1646.98,3.6562,473.15,1237.00,1.2188,4089.42,1,75.0
10442,82.1450,-101.4825,55.5975,141.9069,549.24,261.57,325.86,690.13,325.86,4064.75,3.6562,473.15,1237.00,1.2188,4089.42,1,75.0
10542,88.0425,-82.9850,76.3350,143.0560,642.45,357.22,247.05,775.49,247.05,2474.38,3.6562,473.15,1237.00,1.2188,4089.42,1,75.0
10642,85.8200,-85.7850,61.5650,136.0676,641.96,381.74,249.00,787.30,249.00,1796.07,3.6562,473.15,1237.00,1.2188,4089.42,1,75.0
10742,76.5275,-84.1575,80.0450,139.0904,619.88,175.56,225.70,682.65,225.70,1140.98,3.6562,473.15,1237.00,1.2188,4089.42,1,75.0
10842,31.8325,-97.5100,41.4575,110.6356,494.47,132.86,146.40,532.52,146.40,2377.36,3.6562,473.15,1237.00,1.2188,4089.42,1,75.0
10942,28.9800,-59.2900,42.6125,78.5555,488.00,107.36,79.30,505.92,79.30,329.89,3.6562,473.15,1237.00,1.2188,4089.42,1,75.0
11042,1.0850,-53.3050,24.0800,58.5017,276.21,76.37,50.26,290.95,50.26,2970.06,3.6562,473.15,1237.00,1.2188,4089.42,1,75.0
11142,4.8125,7.7350,-11.6725,14.8067,187.64,62.83,46.48,203.26,46.48,1254.75,3.6562,473.15,1237.00,1.2188,4089.42,1,75.0
11242,-33.8275,74.5150,-42.2100,92.0786,390.52,130.78,71.98,418.08,71.98,143.49,3.6562,473.15,1237.00,1.2188,4089.42,1,75.0
11342,-50.7500,118.0725,-44.0300,135.8504,521.06,125.05,152.01,557.00,152.01,1278.64,3.6562,473.15,1237.00,1.2188,4089.42,1,75.0
11442,-48.2125,124.4250,-57.0325,145.1163,547.05,177.14,225.33,617.59,225.33,249.99,3.6562,473.15,1237.00,1.2188,4089.42,1,75.0
11542,-97.4225,103.8800,-75.1100,161.0084,606.34,228.75,309.15,718.02,309.15,1281.68,3.6562,473.15,1237.00,1.2188,4089.42,1,75.0
11642,-111.6150,28.9450,-84.0175,142.6698,356.24,271.94,349.53,568.36,349.53,6942.17,3.6562,473.15,1237.00,1.2188,4089.42,1,75.0
11742,-50.8375,71.9250,-56.2100,104.4855,426.88,358.56,336.48,651.16,336.48,3364.89,3.6562,473.15,1237.00,1.2188,4089.42,1,75.0
11842,-36.5750,42.6650,-25.4800,61.7030,425.05,176.29,280.97,539.15,280.97,575.72,3.6562,473.15,1237.00,1.2188,4089.42,1,75.0
11942,-44.4850,6.9825,-18.0950,48.5294,417.12,286.21,178.49,536.43,178.49,724.46,3.6562,473.15,1237.00,1.2188,4089.42,1,75.0
12042,5.1100,-20.0725,7.1050,21.8975,446.52,177.14,208.86,523.82,208.86,280.66,3.6562,473.15,1237.00,1.2188,4089.42,1,75.0
12142,52.7800,-48.0200,26.2675,76.0370,396.01,258.27,256.32,537.80,256.32,720.85,3.6562,473.15,1237.00,1.2188,4089.42,1,75.0
12242,74.1650,-48.4925,41.4225,97.8151,456.04,236.07,281.33,585.53,281.33,570.32,3.6562,473.15,1237.00,1.2188,4089.42,1,75.0
12342,73.9375,-78.6275,54.2150,120.7821,562.91,344.28,286.09,719.20,286.09,898.58,3.6562,473.15,1237.00,1.2188,4089.42,1,75.0
12442,100.3450,-75.7575,69.0200,143.4297,621.47,329.28,249.73,746.33,249.73,2484.86,3.6562,473.15,1237.00,1.2188,4089.42,1,75.0
12542,63.0350,-104.2300,60.2000,135.8725,559.00,220.94,284.99,665.22,284.99,678.12,3.6562,473.15,1237.00,1.2188,4089.42,1,75.0
12642,33.2500,-113.7675,38.9025,124.7478,455.67,220.33,187.51,539.76,187.51,565.51,3.6562,473.15,1237.00,1.2188,4089.42,1,75.0
12742,27.9475,-80.4650,24.5525,88.6482,326.35,170.68,104.43,382.81,104.43,746.60,3.6562,473.15,1237.00,1.2188,4089.42,1,75.0
12844,17.6750,-43.5750,12.6875,48.7048,239.24,96.87,95.77,275.30,95.77,2614.09,3.6562,602.30,2058.28,1.2188,3699.55,1,80.0
12942,7.9275,32.5150,-11.2700,35.3141,184.83,99.92,113.09,238.61,113.09,926.60,3.6562,602.30,2058.28,1.2188,3699.55,1,80.0
13042,-28.8225,81.8825,-43.5225,97.1066,348.07,144.45,155.06,407.50,155.06,235.99,3.6562,602.30,2058.28,1.2188,3699.55,1,80.0
13142,-52.0975,129.0800,-61.3025,152.0980,563.15,241.93,237.29,657.25,237.29,2642.19,3.6562,602.30,2058.28,1.2188,3699.55,1,80.0
13242,-95.1475,106.3125,-82.3725,164.7441,588.77,299.27,284.38,719.09,284.38,200.02,3.6562,602.30,2058.28,1.2188,3699.55,1,80.0
13342,-128.5025,97.8425,-85.5925,182.7898,709.67,364.78,317.69,858.85,317.69,6378.18,3.6562,602.30,2058.28,1.2188,3699.55,1,80.0
13442,-103.8625,55.7550,-77.0350,140.8206,324.03,263.28,331.84,533.32,331.84,4989.60,3.6562,602.30,2058.28,1.2188,3699.55,1,80.0
13542,-20.7025,48.8425,-1.8375,53.0807,473.97,282.80,297.44,626.97,297.44,2354.61,3.6562,602.30,2058.28,1.2188,3699.55,1,80.0
13642,-26.0050,37.2925,-15.5400,48.0467,414.43,150.06,274.01,519.00,274.01,1932.07,3.6562,602.30,2058.28,1.2188,3699.55,1,80.0
13742,-20.7900,6.2825,5.8450,22.4913,383.08,235.95,170.68,481.20,170.68,32.14,3.6562,602.30,2058.28,1.2188,3699.55,1,80.0
13842,22.4000,-50.3300,10.8675,56.1513,489.46,289.26,190.81,599.71,190.81,1898.50,3.6562,602.30,2058.28,1.2188,3699.55,1,80.0
13942,61.6700,-66.0100,35.6475,97.1146,411.51,310.12,222.77,561.37,222.77,1119.83,3.6562,602.30,2058.28,1.2188,3699.55,1,80.0
14042,89.4775,-51.4150,46.3400,113.1244,491.90,275.11,249.73,616.46,249.73,2268.10,3.6562,602.30,2058.28,1.2188,3699.55,1,80.0
14142,110.0750,-58.6775,60.4975,138.6344,517.65,284.14,320.13,671.69,320.13,1602.17,3.6562,602.30,2058.28,1.2188,3699.55,1,80.0
14242,99.3125,-72.6250,69.0200,141.0713,547.29,161.77,321.23,654.89,321.23,3154.40,3.6562,602.30,2058.28,1.2188,3699.55,1,80.0
14342,58.1525,-104.4750,44.8000,127.6862,559.49,114.19,233.14,616.79,233.14,5113.71,3.6562,602.30,2058.28,1.2188,3699.55,1,80.0
14442,5.0400,-117.7925,28.1225,121.2079,463.60,139.20,146.89,505.84,146.89,4195.15,3.6562,602.30,2058.28,1.2188,3699.55,1,80.0
14542,14.6825,-86.3100,24.4825,90.9087,392.35,195.69,47.70,441.03,47.70,43.23,3.6562,602.30,2058.28,1.2188,3699.55,1,80.0
14642,13.4575,-43.1900,12.2500,46.8673,226.43,117.85,49.04,259.93,49.04,1519.96,3.6562,602.30,2058.28,1.2188,3699.55,1,80.0
14742,7.1400,27.2825,-24.9025,37.6225,194.35,41.60,66.37,209.54,66.37,873.34,3.6562,602.30,2058.28,1.2188,3699.55,1,80.0
14842,-36.6100,76.7550,-50.2425,98.7721,388.33,169.95,77.71,430.95,77.71,679.47,3.6562,602.30,2058.28,1.2188,3699.55,1,80.0
14942,-51.0650,116.7250,-54.3025,138.4959,480.19,258.88,151.65,566.22,151.65,2051.56,3.6562,602.30,2058.28,1.2188,3699.55,1,80.0
15042,-88.2700,99.2950,-74.4800,152.3101,583.28,223.02,244.37,670.57,244.37,1913.75,3.6562,602.30,2058.28,1.2188,3699.55,1,80.0
15142,-107.3275,81.2525,-54.2325,145.1286,589.75,356.00,237.05,728.51,237.05,2278.33,3.6562,602.30,2058.28,1.2188,3699.55,1,80.0
15242,-77.4200,26.2850,-43.9075,92.8042,492.27,305.98,252.78,632.34,252.78,1081.72,3.6562,602.30,2058.28,1.2188,3699.55,1,80.0
15342,-35.4550,74.5325,-2.1175,82.5629,417.61,292.43,270.60,577.18,270.60,1805.60,3.6562,602.30,2058.28,1.2188,3699.55,1,80.0
15442,-34.5975,43.9075,-9.4850,56.6994,471.53,203.13,231.68,563.27,231.68,861.37,3.6562,477.51,2025.57,1.2188,3191.42,1,83.3
15542,-20.5450,20.2300,-13.5975,31.8785,429.81,266.33,170.31,533.54,170.31,2673.50,3.6562,477.51,2025.57,1.2188,3191.42,1,83.3
15642,17.1325,-9.9400,16.0125,25.4701,535.95,256.81,166.16,617.09,166.16,1688.24,3.6562,477.51,2025.57,1.2188,3191.42,1,83.3
15742,49.1225,-52.5175,24.3775,75.9300,445.67,270.84,207.89,561.42,207.89,11.68,3.6562,477.51,2025.57,1.2188,3191.42,1,83.3
15842,89.3725,-38.2200,47.5300,108.2003,433.95,316.47,188.12,569.09,188.12,3569.24,3.6562,477.51,2025.57,1.2188,3191.42,1,83.3
15942,90.5800,-68.2150,59.3425,127.9826,605.61,321.84,262.18,734.22,262.18,671.67,3.6562,477.51,2025.57,1.2188,3191.42,1,83.3
16042,94.0975,-71.8900,62.1425,133.7318,565.23,301.46,195.81,669.85,195.81,1311.91,3.6562,477.51,2025.57,1.2188,3191.42,1,83.3
16142,48.3525,-107.8525,42.8225,125.7135,643.18,210.57,181.05,700.57,181.05,2751.64,3.6562,477.51,2025.57,1.2188,3191.42,1,83.3
16242,18.1825,-101.7975,30.2750,107.7493,382.84,251.93,126.76,475.50,126.76,2163.90,3.6562,477.51,2025.57,1.2188,3191.42,1,83.3
16342,26.6350,-68.0750,36.2775,81.6069,386.37,199.71,53.56,438.22,53.56,905.66,3.6562,477.51,2025.57,1.2188,3191.42,1,83.3
16442,15.4700,-23.2050,8.8200,29.2504,231.31,134.20,44.53,271.10,44.53,893.44,3.6562,477.51,2025.57,1.2188,3191.42,1,83.3
16542,4.2700,42.0700,-19.1450,46.4182,197.03,71.61,72.47,221.81,72.47,1892.45,3.6562,477.51,2025.57,1.2188,3191.42,1,83.3
16642,-22.6625,84.5075,-45.8850,98.7954,428.83,199.23,65.39,477.35,65.39,1282.52,3.6562,477.51,2025.57,1.2188,3191.42,1,83.3
16742,-42.1750,107.2225,-57.1900,128.6316,526.67,201.42,136.40,580.14,136.40,5109.31,3.6562,477.51,2025.57,1.2188,3191.42,1,83.3
16842,-66.4475,114.0825,-59.5525,144.8330,586.45,326.11,180.07,694.77,180.07,2927.16,3.6562,477.51,2025.57,1.2188,3191.42,1,83.3
16942,-90.4925,64.6975,-81.3050,137.7867,564.01,277.92,224.97,667.80,224.97,2026.58,3.6562,477.51,2025.57,1.2188,3191.42,1,83.3
17042,-70.2625,69.7900,-64.8200,118.3600,386.74,303.29,271.08,561.28,271.08,342.05,3.6562,477.51,2025.57,1.2188,3191.42,1,83.3
17142,-38.9025,46.7600,-45.9025,76.2033,448.23,268.89,269.38,588.02,269.38,4827.18,3.6562,477.51,2025.57,1.2188,3191.42,1,83.3
17242,-54.1275,34.0200,-37.1700,73.9510,385.15,246.07,261.08,526.36,261.08,642.62,3.6562,477.51,2025.57,1.2188,3191.42,1,83.3
17342,-32.6200,15.2600,-4.5675,36.3014,416.63,282.80,157.50,527.60,157.50,1579.25,3.6562,477.51,2025.57,1.2188,3191.42,1,83.3
17442,23.1700,-24.4825,10.9025,35.4275,457.26,295.00,132.00,559.94,132.00,1608.47,3.6562,477.51,2025.57,1.2188,3191.42,1,83.3
17542,63.4200,-58.7300,36.2075,93.7139,483.24,286.58,216.92,602.25,216.92,1945.57,3.6562,477.51,2025.57,1.2188,3191.42,1,83.3
17642,65.9575,-64.5750,56.6300,108.2926,508.50,345.75,242.54,661.01,242.54,2338.95,3.6562,477.51,2025.57,1.2188,3191.42,1,83.3
17742,72.8875,-67.7250,57.3650,114.8477,602.92,479.34,209.96,798.35,209.96,5839.00,3.6562,477.51,2025.57,1.2188,3191.42,1,83.3
17842,140.5250,-87.7100,47.8450,172.4223,487.76,301.46,267.18,632.59,267.18,2935.80,3.6562,477.51,2025.57,1.2188,3191.42,1,83.3
17942,68.0400,-87.7100,49.7175,121.6319,588.89,258.52,140.67,658.34,140.67,1192.82,3.6562,477.51,2025.57,1.2188,3191.42,1,83.3
18042,30.8875,-111.2650,41.3700,122.6598,455.91,312.69,91.50,560.36,91.50,918.30,4.4688,420.66,1470.08,1.2188,3180.90,1,85.7
18142,46.4450,-45.1500,47.9675,80.6011,408.33,191.66,50.51,453.90,50.51,2323.01,4.4688,420.66,1470.08,1.2188,3180.90,1,85.7
18242,11.4800,-33.7225,16.4675,39.2451,246.20,102.11,37.33,269.13,37.33,3680.44,4.4688,420.66,1470.08,1.2188,3180.90,1,85.7
18342,-6.9650,19.8450,-17.4475,27.3267,165.68,65.15,65.39,189.65,65.39,12.72,4.4688,420.66,1470.08,1.2188,3180.90,1,85.7
18442,-52.6400,94.6225,-26.1975,111.4033,403.70,132.61,57.83,428.84,57.83,2915.80,4.4688,420.66,1470.08,1.2188,3180.90,1,85.7
18542,-46.2000,85.7675,-40.0400,105.3267,458.35,190.20,137.37,514.91,137.37,1209.51,4.4688,420.66,1470.08,1.2188,3180.90,1,85.7
18642,-63.9975,117.5475,-44.1875,140.9455,544.00,287.68,176.17,640.10,176.17,1262.64,4.4688,420.66,1470.08,1.2188,3180.90,1,85.7
18742,-86.0125,74.1125,-69.1600,132.9433,627.81,300.24,228.14,732.35,228.14,671.99,4.4688,420.66,1470.08,1.2188,3180.90,1,85.7
18842,-109.1125,46.7425,-39.8825,125.2239,522.65,457.38,228.63,731.18,228.63,17.40,4.4688,420.66,1470.08,1.2188,3180.90,1,85.7
18942,-67.7950,62.7200,-32.5150,97.9142,426.15,337.33,264.74,604.55,264.74,103.71,4.4688,420.66,1470.08,1.2188,3180.90,1,85.7
19042,-35.0350,63.0175,-18.0075,74.3164,386.74,305.85,232.04,544.94,232.04,862.44,4.4688,420.66,1470.08,1.2188,3180.90,1,85.7
19142,-24.8325,33.0225,-8.0675,42.0978,448.47,237.41,178.49,537.91,178.49,2053.74,4.4688,420.66,1470.08,1.2188,3180.90,1,85.7
19242,15.9775,-29.6625,2.3975,33.7771,494.59,313.30,135.79,601.01,135.79,1434.74,4.4688,420.66,1470.08,1.2188,3180.90,1,85.7
19342,62.3000,-58.8700,28.0000,90.1719,448.47,278.89,205.81,566.80,205.81,1529.53,4.4688,420.66,1470.08,1.2188,3180.90,1,85.7
19442,83.7025,-71.3825,77.5075,134.5696,674.17,412.97,216.43,819.69,216.43,1177.62,4.4688,420.66,1470.08,1.2188,3180.90,1,85.7
19542,81.3575,-102.2350,57.6800,142.8216,488.24,396.74,251.81,677.64,251.81,2288.09,4.4688,420.66,1470.08,1.2188,3180.90,1,85.7
19642,80.2900,-64.2075,51.4325,114.9539,561.69,315.98,175.92,668.05,175.92,893.65,4.4688,420.66,1470.08,1.2188,3180.90,1,85.7
19742,65.7300,-80.5175,61.6875,120.8671,663.19,248.64,134.20,720.87,134.20,2048.65,4.4688,420.66,1470.08,1.2188,3180.90,1,85.7
19842,50.0850,-91.2975,58.6600,119.5188,492.27,225.82,144.94,560.65,144.94,2675.34,4.4688,420.66,1470.08,1.2188,3180.90,1,85.7
19942,68.7750,-78.7500,11.6200,105.1979,320.13,108.70,70.39,345.33,70.39,274.40,4.4688,420.66,1470.08,1.2188,3180.90,1,85.7
20042,8.6100,-55.1600,5.7225,56.1204,180.19,78.32,44.04,201.36,44.04,2139.87,4.4688,420.66,1470.08,1.2188,3180.90,1,85.7
20142,7.2625,17.6225,-29.4525,35.0820,175.19,43.55,32.33,183.40,32.33,2414.67,4.4688,420.66,1470.08,1.2188,3180.90,1,85.7
20242,-55.6325,106.1375,-37.2225,125.4817,452.99,171.41,85.64,491.85,85.64,2258.76,4.4688,420.66,1470.08,1.2188,3180.90,1,85.7
20342,-66.0100,101.9025,-50.2250,131.3925,466.65,274.13,124.32,555.31,124.32,25.34,4.4688,420.66,1470.08,1.2188,3180.90,1,85.7
20442,-72.7300,122.0100,-54.2150,152.0374,578.04,214.35,213.13,652.30,213.13,495.96,4.4688,420.66,1470.08,1.2188,3180.90,1,85.7
20542,-101.0275,83.8250,-55.0200,142.3390,541.80,419.19,205.08,715.07,205.08,685.60,4.8750,403.58,1614.84,1.2188,2950.02,1,87.5
20642,-72.9400,46.4975,-67.5675,109.7617,374.42,322.45,299.88,578.00,299.88,1636.22,4.8750,403.58,1614.84,1.2188,2950.02,1,87.5
20742,-47.2675,76.4575,-39.6025,98.2259,421.39,396.50,278.77,642.26,278.77,1127.10,4.8750,403.58,1614.84,1.2188,2950.02,1,87.5
20842,-40.5650,50.4000,-30.3800,71.4746,494.10,276.21,209.47,603.58,209.47,2041.42,4.8750,403.58,1614.84,1.2188,2950.02,1,87.5
20942,-20.0550,6.1075,-14.0875,25.2579,432.00,242.41,117.61,509.14,117.61,689.00,4.8750,403.58,1614.84,1.2188,2950.02,1,87.5
21042,20.9650,-64.5750,10.3600,68.6789,491.66,267.91,146.40,578.74,146.40,1219.79,4.8750,403.58,1614.84,1.2188,2950.02,1,87.5
21142,76.3000,-66.3075,64.6450,119.9890,414.19,382.10,196.54,596.81,196.54,206.13,4.8750,403.58,1614.84,1.2188,2950.02,1,87.5
21242,91.4375,-68.8275,61.9325,130.1295,477.75,325.50,278.77,641.80,278.77,87.02,4.8750,403.58,1614.84,1.2188,2950.02,1,87.5
21342,93.2925,-63.3500,68.4600,131.9223,520.57,343.31,237.90,667.42,237.90,2286.58,4.8750,403.58,1614.84,1.2188,2950.02,1,87.5
21442,65.7650,-82.6700,53.0950,118.2305,563.52,261.32,206.67,654.64,206.67,2739.23,4.8750,403.58,1614.84,1.2188,2950.02,1,87.5
21542,68.1800,-104.6325,64.4875,140.5529,544.97,256.81,174.09,627.10,174.09,6605.07,4.8750,403.58,1614.84,1.2188,2950.02,1,87.5
21642,54.3200,-102.7950,55.7025,128.9195,457.38,188.25,151.77,517.36,151.77,8176.39,4.8750,403.58,1614.84,1.2188,2950.02,1,87.5
21742,26.3725,-84.9450,49.9450,102.0082,233.14,133.47,53.92,274.00,53.92,3974.61,4.8750,403.58,1614.84,1.2188,2950.02,1,87.5
21842,13.5800,-5.7575,13.4050,19.9314,200.08,84.18,43.80,221.44,43.80,1518.72,4.8750,403.58,1614.84,1.2188,2950.02,1,87.5
21942,-42.2625,58.4325,-42.3150,83.6124,276.21,99.80,64.90,300.77,64.90,3970.17,4.8750,403.58,1614.84,1.2188,2950.02,1,87.5
22042,-49.6475,111.4750,-55.1600,133.9185,443.23,143.72,115.29,480.00,115.29,4061.17,4.8750,403.58,1614.84,1.2188,2950.02,1,87.5
22142,-60.7775,105.5775,-61.6525,136.5340,547.66,243.51,138.71,615.20,138.71,1180.40,4.8750,403.58,1614.84,1.2188,2950.02,1,87.5
22242,-81.6900,87.0450,-68.7225,137.7421,528.50,367.22,212.77,677.82,212.77,2223.39,4.8750,403.58,1614.84,1.2188,2950.02,1,87.5
22342,-88.8825,57.2600,-83.1250,134.4938,520.09,409.07,267.06,713.54,267.06,2526.89,4.8750,403.58,1614.84,1.2188,2950.02,1,87.5
22442,-84.2275,51.9225,-61.0575,116.2680,521.31,399.43,289.51,717.72,289.51,3269.08,4.8750,403.58,1614.84,1.2188,2950.02,1,87.5
22542,-80.9375,14.5775,-19.3025,84.4747,485.19,394.43,231.92,666.91,231.92,9.63,4.8750,403.58,1614.84,1.2188,2950.02,1,87.5
22642,-45.9375,29.8025,-14.6300,56.6787,448.11,281.82,167.87,555.34,167.87,3423.36,4.8750,403.58,1614.84,1.2188,2950.02,1,87.5
22742,-11.8475,2.4500,-2.3975,12.3334,404.31,292.56,64.05,503.15,64.05,3346.78,4.8750,403.58,1614.84,1.2188,2950.02,1,87.5
22842,63.4025,-39.3750,38.7275,84.0838,472.99,307.56,139.93,581.29,139.93,124.81,4.8750,403.58,1614.84,1.2188,2950.02,1,87.5
22942,94.5000,-66.6400,45.6400,124.3147,509.96,350.51,208.50,652.98,208.50,274.26,4.8750,403.58,1614.84,1.2188,2950.02,1,87.5
23042,83.2300,-76.6150,65.2750,130.6060,574.01,413.82,286.21,763.32,286.21,492.65,4.8750,403.58,1614.84,1.2188,2950.02,1,87.5
23142,83.8775,-92.3475,57.0850,137.1940,584.01,324.76,268.03,719.99,268.03,3375.09,3.6562,598.81,2077.30,1.2188,2632.51,1,88.9
23242,111.0025,-93.4325,71.5400,161.7688,596.82,323.06,187.03,703.95,187.03,1373.46,3.6562,598.81,2077.30,1.2188,2632.51,1,88.9
23342,58.5900,-114.9225,51.9400,139.0602,515.21,262.67,115.29,589.68,115.29,1904.17,3.6562,598.81,2077.30,1.2188,2632.51,1,88.9
23442,51.8175,-78.6450,40.0400,102.3391,352.21,111.14,67.34,375.42,67.34,27.43,3.6562,598.81,2077.30,1.2188,2632.51,1,88.9
23542,25.3050,-46.1650,11.1475,53.8128,176.90,47.95,33.79,186.37,33.79,2966.26,3.6562,598.81,2077.30,1.2188,2632.51,1,88.9
23642,-12.2675,7.0175,-29.3825,32.6047,127.73,78.08,26.35,152.01,26.35,1293.32,3.6562,598.81,2077.30,1.2188,2632.51,1,88.9
23742,-56.1750,95.0950,-54.8800,123.3309,373.32,190.56,22.69,419.76,22.69,3863.91,3.6562,598.81,2077.30,1.2188,2632.51,1,88.9
23842,-53.5325,85.5400,-69.6850,122.6329,462.38,178.85,102.97,506.35,102.97,533.11,3.6562,598.81,2077.30,1.2188,2632.51,1,88.9
23942,-51.8175,113.4875,-41.1075,131.3556,583.04,207.40,159.33,639.01,159.33,1598.02,3.6562,598.81,2077.30,1.2188,2632.51,1,88.9
24042,-109.9525,68.9325,-92.5750,159.4094,575.84,402.72,180.19,725.43,180.19,1498.54,3.6562,598.81,2077.30,1.2188,2632.51,1,88.9
24142,-95.6025,71.6275,-36.0325,124.7745,480.44,444.93,234.36,695.49,234.36,844.21,3.6562,598.81,2077.30,1.2188,2632.51,1,88.9
24242,-69.4050,43.1025,-38.3775,90.2647,455.79,366.73,244.49,634.04,244.49,176.04,3.6562,598.81,2077.30,1.2188,2632.51,1,88.9
24342,-56.2450,48.1075,-14.2100,75.3642,351.73,277.55,182.88,483.93,182.88,123.55,3.6562,598.81,2077.30,1.2188,2632.51,1,88.9
24442,-21.3850,13.7725,-27.7375,37.6347,463.84,244.37,106.63,535.01,106.63,1090.42,3.6562,598.81,2077.30,1.2188,2632.51,1,88.9
24542,11.9700,-30.2575,7.6825,33.4338,476.65,339.65,122.85,598.04,122.85,2400.74,3.6562,598.81,2077.30,1.2188,2632.51,1,88.9
24642,66.5175,-50.9075,31.7975,89.5948,388.81,285.72,209.35,525.97,209.35,1155.98,3.6562,598.81,2077.30,1.2188,2632.51,1,88.9
24742,84.4900,-57.1550,52.2725,114.6197,515.08,334.52,264.50,668.71,264.50,1028.41,3.6562,598.81,2077.30,1.2188,2632.51,1,88.9
24842,62.7725,-84.9450,54.1100,118.6757,628.18,309.51,276.94,753.06,276.94,2151.07,3.6562,598.81,2077.30,1.2188,2632.51,1,88.9
24942,50.7675,-149.3275,32.5325,161.0416,576.33,518.50,162.38,792.06,162.38,2310.42,3.6562,598.81,2077.30,1.2188,2632.51,1,88.9
25042,110.5125,-75.8450,75.8625,154.0149,586.94,362.10,52.34,691.63,52.34,1189.62,3.6562,598.81,2077.30,1.2188,2632.51,1,88.9
25142,97.1250,-99.1900,75.0225,157.7983,455.30,199.96,68.08,501.92,68.08,4007.19,3.6562,598.81,2077.30,1.2188,2632.51,1,88.9
25242,48.4575,-80.7450,55.1775,109.1441,252.91,100.65,71.00,281.31,71.00,3973.19,3.6562,598.81,2077.30,1.2188,2632.51,1,88.9
25342,12.4775,-24.1675,-11.8475,29.6668,111.87,64.29,18.79,130.39,18.79,133.70,3.6562,598.81,2077.30,1.2188,2632.51,1,88.9
25442,-19.3375,40.9325,-43.8200,63.0048,259.86,-3.29,11.22,260.12,11.22,50.51,3.6562,598.81,2077.30,1.2188,2632.51,1,88.9
25542,-59.7975,36.5050,-78.6100,105.2990,491.78,224.60,-7.81,540.70,-7.81,5913.42,3.6562,598.81,2077.30,1.2188,2632.51,1,88.9
25644,-65.1175,76.2825,-74.6025,124.9994,473.85,245.46,29.28,534.45,29.28,269.21,3.6562,666.59,1928.67,1.2188,3185.07,1,90.0
25742,-99.3125,117.4600,-57.2250,164.1174,544.49,326.47,115.17,645.22,115.17,1120.01,3.6562,666.59,1928.67,1.2188,3185.07,1,90.0
25842,-115.3600,98.8225,-61.8100,163.9948,548.27,273.89,235.70,656.64,235.70,881.94,3.6562,666.59,1928.67,1.2188,3185.07,1,90.0
25942,-91.1750,65.8175,-62.2300,128.5200,471.77,416.63,242.05,674.34,242.05,2768.51,3.6562,666.59,1928.67,1.2188,3185.07,1,90.0
26042,-54.6525,78.6800,-1.6100,95.8125,459.82,399.31,219.48,647.34,219.48,3156.71,3.6562,666.59,1928.67,1.2188,3185.07,1,90.0
26142,-40.0925,34.4925,-32.6375,62.1478,402.23,249.73,164.46,501.20,164.46,1888.33,3.6562,666.59,1928.67,1.2188,3185.07,1,90.0
26242,-24.6050,9.1700,-13.3875,29.4741,445.30,328.67,81.01,559.35,81.01,202.15,3.6562,666.59,1928.67,1.2188,3185.07,1,90.0
26342,15.7150,-53.7600,4.3750,56.1804,443.59,286.46,127.49,543.22,127.49,397.61,3.6562,666.59,1928.67,1.2188,3185.07,1,90.0
26442,76.1425,-60.2175,41.3175,105.5034,360.63,303.90,282.55,549.77,282.55,1170.38,3.6562,666.59,1928.67,1.2188,3185.07,1,90.0
26542,67.1300,-31.1675,52.8150,90.9245,567.06,371.86,195.20,705.64,195.20,6660.28,3.6562,666.59,1928.67,1.2188,3185.07,1,90.0
26642,80.3075,-103.7225,52.2375,141.1964,556.08,363.80,251.69,710.58,251.69,1596.59,3.6562,666.59,1928.67,1.2188,3185.07,1,90.0
26742,94.3250,-83.5800,66.3075,142.4061,572.55,331.11,227.53,699.44,227.53,457.79,3.6562,666.59,1928.67,1.2188,3185.07,1,90.0
26842,71.1725,-90.0200,60.0075,129.4991,531.92,252.66,124.07,601.81,124.07,491.74,3.6562,666.59,1928.67,1.2188,3185.07,1,90.0
26942,34.5975,-80.9375,52.1675,102.3197,487.88,233.51,25.74,541.49,25.74,1233.06,3.6562,666.59,1928.67,1.2188,3185.07,1,90.0
27042,26.6700,-52.8325,33.5825,68.0466,381.01,154.70,6.10,411.26,6.10,4691.02,3.6562,666.59,1928.67,1.2188,3185.07,1,90.0
27142,14.0350,-39.6375,11.6375,43.6296,204.23,63.44,3.17,213.88,3.17,1884.31,3.6562,666.59,1928.67,1.2188,3185.07,1,90.0
27242,-5.0575,23.1700,-21.8925,32.2755,208.13,48.07,20.50,214.59,20.50,190.48,3.6562,666.59,1928.67,1.2188,3185.07,1,90.0
27342,-47.9150,62.5275,-46.5150,91.4832,327.81,151.65,-33.18,362.71,-33.18,2769.35,3.6562,666.59,1928.67,1.2188,3185.07,1,90.0
27442,-34.1950,89.9325,-53.4275,110.0529,409.68,191.42,40.14,453.97,40.14,707.76,3.6562,666.59,1928.67,1.2188,3185.07,1,90.0
27542,-66.2375,90.2825,-54.6350,124.5926,608.05,260.35,101.63,669.20,101.63,1459.08,3.6562,666.59,1928.67,1.2188,3185.07,1,90.0
27642,-78.6275,91.7525,-48.8950,130.3515,599.75,293.65,170.80,689.28,170.80,2854.14,3.6562,666.59,1928.67,1.2188,3185.07,1,90.0
27742,-88.0950,63.4200,-43.4000,116.9033,549.85,373.56,219.60,700.08,219.60,296.39,3.6562,666.59,1928.67,1.2188,3185.07,1,90.0
27842,-69.6500,55.0200,-34.4400,95.2073,455.30,256.20,256.44,581.98,256.44,166.56,3.6562,666.59,1928.67,1.2188,3185.07,1,90.0
27942,-34.8775,48.0900,-18.7950,62.3084,409.31,334.65,203.62,566.55,203.62,157.40,3.6562,666.59,1928.67,1.2188,3185.07,1,90.0
28042,-33.1275,20.6325,-22.5225,45.0599,472.87,156.28,189.10,532.72,189.10,715.70,3.6562,666.59,1928.67,1.2188,3185.07,1,90.0
28142,-16.6425,-18.0075,-9.4325,26.2719,431.51,299.39,112.24,537.06,112.24,1473.13,3.6562,666.59,1928.67,1.2188,3185.07,1,90.0
28242,29.2950,-47.5475,9.7650,56.6949,428.71,196.30,183.85,506.09,183.85,1532.75,3.6562,496.59,1586.42,1.2188,3069.51,1,90.9
28342,52.0100,-61.3550,22.9600,83.6459,451.16,296.70,198.62,575.35,198.62,1042.93,3.6562,496.59,1586.42,1.2188,3069.51,1,90.9
28442,75.0050,-69.5275,29.7850,106.5221,522.53,368.81,216.67,675.28,216.67,570.59,3.6562,496.59,1586.42,1.2188,3069.51,1,90.9
28542,94.0975,-97.3525,46.8300,143.2651,625.01,388.08,205.33,763.81,205.33,3910.64,3.6562,496.59,1586.42,1.2188,3069.51,1,90.9
28642,91.9100,-81.8825,63.5075,138.5114,667.22,270.23,129.32,731.39,129.32,3517.73,3.6562,496.59,1586.42,1.2188,3069.51,1,90.9
28742,61.2150,-90.4575,48.7900,119.6257,573.77,260.84,59.66,633.09,59.66,3073.98,3.6562,496.59,1586.42,1.2188,3069.51,1,90.9
28842,59.2200,-76.4225,37.0475,103.5371,399.06,149.33,20.74,426.59,20.74,1361.04,3.6562,496.59,1586.42,1.2188,3069.51,1,90.9
28942,25.3225,-66.2900,19.2675,73.5312,258.76,88.33,17.20,273.96,17.20,3118.40,3.6562,496.59,1586.42,1.2188,3069.51,1,90.9
29042,-0.3675,4.5325,-2.8525,5.3680,183.37,71.98,-2.20,197.00,-2.20,180.59,3.6562,496.59,1586.42,1.2188,3069.51,1,90.9
29142,-44.2225,63.3150,-34.3000,84.5039,316.59,58.07,-16.10,322.27,-16.10,3047.21,3.6562,496.59,1586.42,1.2188,3069.51,1,90.9
29242,-48.3000,60.6900,-48.8950,91.6891,438.10,154.21,8.66,464.53,8.66,724.94,3.6562,496.59,1586.42,1.2188,3069.51,1,90.9
29342,-41.3350,132.8075,-43.1025,145.6167,409.55,206.42,132.49,477.39,132.49,885.90,3.6562,496.59,1586.42,1.2188,3069.51,1,90.9
29442,-73.7450,119.9975,-60.6725,153.3587,617.20,380.15,166.77,743.82,166.77,1924.86,3.6562,496.59,1586.42,1.2188,3069.51,1,90.9
29542,-93.7125,76.6325,-64.2775,137.0627,539.00,224.48,279.26,647.22,279.26,1326.64,3.6562,496.59,1586.42,1.2188,3069.51,1,90.9
29642,-104.2825,67.8825,-51.4325,134.6409,524.84,389.18,246.32,698.28,246.32,1547.67,3.6562,496.59,1586.42,1.2188,3069.51,1,90.9
29742,-70.9975,35.5600,-39.3750,88.6315,472.14,287.55,233.75,600.20,233.75,2933.28,3.6562,496.59,1586.42,1.2188,3069.51,1,90.9
29842,-49.7000,32.3750,-21.1050,62.9575,419.44,308.29,161.77,545.11,161.77,963.51,3.6562,496.59,1586.42,1.2188,3069.51,1,90.9
29942,-12.6700,-10.2375,-3.4825,16.6572,468.24,232.78,152.01,544.55,152.01,145.23,3.6562,496.59,1586.42,1.2188,3069.51,1,90.9
30042,34.4050,-47.9850,9.3450,59.7795,391.74,297.19,181.41,524.11,181.41,962.75,3.6562,496.59,1586.42,1.2188,3069.51,1,90.9
30142,69.7725,-46.9000,32.2000,90.0258,435.66,271.69,249.73,570.95,249.73,1101.53,3.6562,496.59,1586.42,1.2188,3069.51,1,90.9
30242,76.1775,-72.1000,34.2650,110.3427,521.31,286.21,252.54,646.11,252.54,1164.34,3.6562,496.59,1586.42,1.2188,3069.51,1,90.9
30342,86.2225,-65.9750,38.9025,115.3275,521.18,361.49,213.87,669.36,213.87,944.08,3.6562,496.59,1586.42,1.2188,3069.51,1,90.9
30442,65.3800,-50.7500,49.6125,96.4961,600.12,307.56,149.08,690.62,149.08,4098.76,3.6562,496.59,1586.42,1.2188,3069.51,1,90.9
30542,69.8075,-95.3575,50.9075,128.6768,565.23,252.30,157.87,638.79,157.87,3743.73,3.6562,496.59,1586.42,1.2188,3069.51,1,90.9
30642,54.5650,-52.3600,48.5625,89.8734,483.85,240.46,93.45,548.33,93.45,1056.37,3.6562,496.59,1586.42,1.2188,3069.51,1,90.9
30742,26.6000,-107.8175,10.6925,111.5639,355.63,158.36,66.37,394.91,66.37,3905.81,3.6562,496.59,1586.42,1.2188,3069.51,1,90.9
30842,25.8650,-36.1550,11.7250,45.9745,168.24,89.55,43.43,195.47,43.43,2105.82,4.4688,828.63,2621.91,1.2188,3451.01,1,91.7
30942,3.6750,38.3600,-25.3750,46.1399,247.17,74.66,-0.85,258.20,-0.85,1693.84,4.4688,828.63,2621.91,1.2188,3451.01,1,91.7
31042,-32.2000,69.0375,-38.2900,85.2593,445.30,85.77,49.90,456.22,49.90,1122.39,4.4688,828.63,2621.91,1.2188,3451.01,1,91.7
31142,-56.2800,98.9625,-41.9125,121.3164,548.76,252.91,36.97,605.36,36.97,3243.34,4.4688,828.63,2621.91,1.2188,3451.01,1,91.7
31242,-34.6500,86.9925,-28.1575,97.7812,564.13,192.03,127.37,609.37,127.37,3192.84,4.4688,828.63,2621.91,1.2188,3451.01,1,91.7
31342,-84.7000,111.0025,-25.4450,141.9264,571.20,289.51,274.62,696.78,274.62,297.56,4.4688,828.63,2621.91,1.2188,3451.01,1,91.7
31442,-74.6725,59.6575,-43.4875,105.0055,550.10,325.86,311.95,711.41,311.95,256.42,4.4688,828.63,2621.91,1.2188,3451.01,1,91.7
31542,-89.0750,47.7225,-39.8125,108.6132,474.58,327.57,318.91,658.96,318.91,2624.60,4.4688,828.63,2621.91,1.2188,3451.01,1,91.7
31642,-47.8100,35.8750,-27.7200,65.8879,415.90,254.86,280.48,562.66,280.48,2021.31,4.4688,828.63,2621.91,1.2188,3451.01,1,91.7
31742,-37.5375,49.1400,-14.4900,63.5119,401.26,234.97,215.45,512.48,215.45,459.40,4.4688,828.63,2621.91,1.2188,3451.01,1,91.7
31842,-28.9800,-6.8250,-24.0275,38.2589,403.58,258.03,129.20,496.13,129.20,635.66,4.4688,828.63,2621.91,1.2188,3451.01,1,91.7
31942,37.9225,-38.6050,11.9700,55.4233,469.09,213.50,205.20,554.74,205.20,1751.72,4.4688,828.63,2621.91,1.2188,3451.01,1,91.7
32042,66.7450,-64.4000,33.5825,98.6410,446.52,228.87,266.81,568.29,266.81,574.51,4.4688,828.63,2621.91,1.2188,3451.01,1,91.7
32142,39.8125,-86.7475,83.8950,127.0769,559.49,311.47,265.72,693.29,265.72,614.42,4.4688,828.63,2621.91,1.2188,3451.01,1,91.7
32242,97.5975,-81.4275,54.1100,138.1434,517.04,278.89,284.38,652.67,284.38,456.63,4.4688,828.63,2621.91,1.2188,3451.01,1,91.7
32342,70.4900,-85.3650,36.6800,116.6252,527.89,221.19,177.88,599.36,177.88,69.41,4.4688,828.63,2621.91,1.2188,3451.01,1,91.7
32442,66.7800,-93.9750,32.7425,119.8455,509.72,212.52,143.72,570.64,143.72,856.59,4.4688,828.63,2621.91,1.2188,3451.01,1,91.7
32542,55.6675,-91.4025,25.3750,109.9872,459.33,173.97,85.64,498.58,85.64,1187.88,4.4688,828.63,2621.91,1.2188,3451.01,1,91.7
32642,36.9775,-73.9025,8.4700,83.0702,344.16,131.03,20.01,368.80,20.01,1790.40,4.4688,828.63,2621.91,1.2188,3451.01,1,91.7
32742,17.8325,-23.1525,6.1075,29.8553,272.67,97.72,-1.83,289.66,-1.83,1472.58,4.4688,828.63,2621.91,1.2188,3451.01,1,91.7
32842,-1.2775,29.9600,-20.3175,36.2220,292.07,45.02,-5.00,295.56,-5.00,340.93,4.4688,828.63,2621.91,1.2188,3451.01,1,91.7
32942,-29.8200,62.0200,-35.8400,77.5901,436.76,190.44,-11.71,476.62,-11.71,752.50,4.4688,828.63,2621.91,1.2188,3451.01,1,91.7
33042,-34.2125,85.1375,-38.3950,99.4639,465.92,225.82,41.11,519.39,41.11,873.97,4.4688,828.63,2621.91,1.2188,3451.01,1,91.7
33142,-44.3450,98.4900,-50.3475,119.1706,530.94,203.01,126.03,582.23,126.03,3520.72,4.4688,828.63,2621.91,1.2188,3451.01,1,91.7
33242,-73.7800,86.5200,-41.9825,121.2094,668.56,159.09,74.54,691.26,74.54,1087.66,4.4688,828.63,2621.91,1.2188,3451.01,1,91.7
33342,-54.0400,1.3475,4.5500,54.2479,752.98,305.24,19.28,812.73,19.28,5752.37,4.4688,372.94,1594.16,1.2188,2650.47,1,92.3
33442,-32.7425,-47.3200,63.6650,85.8166,666.49,225.46,84.79,708.68,84.79,1140.08,4.4688,372.94,1594.16,1.2188,2650.47,1,92.3
33542,-39.3225,-84.3675,-2.8175,93.1240,450.42,152.87,80.28,482.38,80.28,1127.28,4.4688,372.94,1594.16,1.2188,2650.47,1,92.3
33642,-37.1350,-46.7250,43.6975,73.9710,466.04,97.84,56.85,479.58,56.85,6605.33,4.4688,372.94,1594.16,1.2188,2650.47,1,92.3
33742,-25.6200,-9.2225,-12.7400,30.0624,386.86,70.76,31.60,394.55,31.60,7185.88,4.4688,372.94,1594.16,1.2188,2650.47,1,92.3
33842,48.5100,-10.7450,-57.8550,76.2619,699.06,200.57,60.39,729.77,60.39,4872.50,4.4688,372.94,1594.16,1.2188,2650.47,1,92.3
33942,62.3700,-36.1550,-53.9350,90.0344,426.88,161.16,68.44,461.39,68.44,4658.00,4.4688,372.94,1594.16,1.2188,2650.47,1,92.3
34042,-3.2900,41.5100,29.5400,51.0540,519.96,243.76,44.16,575.96,44.16,5393.71,4.4688,372.94,1594.16,1.2188,2650.47,1,92.3
34142,-2.1350,-37.9575,-13.0550,40.1966,517.89,136.76,121.76,549.31,121.76,11694.99,4.4688,372.94,1594.16,1.2188,2650.47,1,92.3
34242,-28.8925,-8.9950,2.6775,30.3785,534.97,62.46,100.41,547.88,100.41,2199.67,4.4688,372.94,1594.16,1.2188,2650.47,1,92.3
34342,-60.1300,-10.7450,33.2675,69.5543,634.77,24.03,43.68,636.72,43.68,3921.93,4.4688,372.94,1594.16,1.2188,2650.47,1,92.3
34442,19.8100,60.5325,67.5675,92.8547,415.17,152.62,6.47,442.38,6.47,156.53,4.4688,372.94,1594.16,1.2188,2650.47,1,92.3
34542,31.6575,108.2375,83.1775,140.1287,207.52,107.24,65.51,242.61,65.51,10250.08,4.4688,372.94,1594.16,1.2188,2650.47,1,92.3
34642,14.9625,182.7700,109.0250,213.3429,377.35,50.87,236.56,448.26,236.56,104.04,4.4688,372.94,1594.16,1.2188,2650.47,1,92.3
34742,73.2900,151.2175,145.0050,221.9563,336.60,-25.74,329.52,471.75,329.52,1340.69,4.4688,372.94,1594.16,1.2188,2650.47,1,92.3
34842,65.7475,98.5950,89.1800,148.3131,254.74,-51.48,439.81,510.86,439.81,1228.19,4.4688,372.94,1594.16,1.2188,2650.47,1,92.3
34942,42.6650,66.5875,45.0100,90.9950,145.67,-54.17,543.14,564.94,543.14,8911.74,4.4688,372.94,1594.16,1.2188,2650.47,1,92.3
35042,-2.4150,31.3600,13.0550,34.0546,96.14,-69.91,527.53,540.75,527.53,797.40,4.4688,372.94,1594.16,1.2188,2650.47,1,92.3
35142,1.4350,28.0350,-21.9275,35.6207,9.27,-88.21,512.03,519.66,512.03,2557.03,4.4688,372.94,1594.16,1.2188,2650.47,1,92.3
35242,-20.6675,0.1750,7.7700,22.0805,0.61,-48.68,468.85,471.37,468.85,44.07,4.4688,372.94,1594.16,1.2188,2650.47,1,92.3
35342,-8.6275,22.9075,8.4350,25.8909,-19.03,-118.34,495.56,509.85,495.56,1593.55,4.4688,372.94,1594.16,1.2188,2650.47,1,92.3
35442,4.9875,-95.0075,117.9500,151.5371,-26.23,-78.81,452.01,459.58,452.01,13513.90,4.4688,372.94,1594.16,1.2188,2650.47,1,92.3
35542,-26.4425,0.8750,7.6300,27.5352,10.49,-117.49,513.50,526.87,513.50,13711.32,4.4688,372.94,1594.16,1.2188,2650.47,1,92.3
35642,-13.9125,-0.9800,-0.3850,13.9523,18.06,-123.83,490.20,505.92,490.20,2248.05,4.4688,372.94,1594.16,1.2188,2650.47,1,92.3
35742,-1.6450,-0.7875,0.2800,1.8452,14.52,-129.32,463.72,481.64,463.72,580.12,4.4688,372.94,1594.16,1.2188,2650.47,1,92.3
35842,1.2250,-0.6125,0.1050,1.3736,14.03,-127.25,476.90,493.78,476.90,91.80,4.4688,372.94,1594.16,1.2188,2650.47,1,92.3
35942,1.3825,-0.6825,0.1050,1.5454,12.93,-125.78,476.41,492.90,476.41,198.65,4.0625,578.08,3183.70,0.8125,4249.31,1,92.9
36042,2.7300,-0.7875,0.1225,2.8440,14.27,-128.71,480.31,497.47,480.31,431.56,4.0625,578.08,3183.70,0.8125,4249.31,1,92.9
36142,-0.9800,-0.7350,0.1400,1.2330,15.86,-125.78,473.48,490.16,473.48,56.72,4.0625,578.08,3183.70,0.8125,4249.31,1,92.9
36242,1.4875,-0.6475,0.0875,1.6247,15.37,-125.42,475.31,491.82,475.31,49.04,4.0625,578.08,3183.70,0.8125,4249.31,1,92.9
36342,1.5750,-0.9450,0.1925,1.8468,15.74,-122.73,477.63,493.40,477.63,110.12,4.0625,578.08,3183.70,0.8125,4249.31,1,92.9
36442,3.1325,-0.8050,0.2100,3.2411,13.42,-122.61,479.22,494.83,479.22,411.72,4.0625,578.08,3183.70,0.8125,4249.31,1,92.9
36542,4.6550,-0.5600,0.0700,4.6891,11.59,-115.41,488.49,502.07,488.49,356.42,4.0625,578.08,3183.70,0.8125,4249.31,1,92.9
36642,0.7000,-0.6125,0.1575,0.9434,15.01,-118.71,482.14,496.77,482.14,9.27,4.0625,578.08,3183.70,0.8125,4249.31,1,92.9
36742,0.4725,-0.7525,0.1750,0.9056,15.01,-120.41,480.80,495.88,480.80,125.63,4.0625,578.08,3183.70,0.8125,4249.31,1,92.9
36842,1.6275,-0.7700,0.1400,1.8059,13.66,-118.10,476.41,491.02,476.41,47.08,4.0625,578.08,3183.70,0.8125,4249.31,1,92.9
36942,0.7350,-0.7000,0.1925,1.0331,13.30,-119.68,478.85,493.76,478.85,110.45,4.0625,578.08,3183.70,0.8125,4249.31,1,92.9
37042,-0.4025,-0.7700,0.1750,0.8863,14.27,-120.78,477.39,492.63,477.39,51.31,4.0625,578.08,3183.70,0.8125,4249.31,1,92.9
37142,0.3325,-0.7000,0.2975,0.8301,12.32,-118.10,476.78,491.34,476.78,177.31,4.0625,578.08,3183.70,0.8125,4249.31,1,92.9
37242,-0.0525,-0.8400,0.2275,0.8718,16.47,-118.10,480.44,495.01,480.44,200.94,4.0625,578.08,3183.70,0.8125,4249.31,1,92.9
37342,5.8275,-1.7850,4.6900,7.6904,15.86,-114.07,481.41,495.00,481.41,532.77,4.0625,578.08,3183.70,0.8125,4249.31,1,92.9
37442,-2.7650,-0.8400,0.2275,2.8987,13.66,-113.22,473.73,487.26,473.73,766.01,4.0625,578.08,3183.70,0.8125,4249.31,1,92.9
37542,1.5400,-0.8400,0.1400,1.7598,14.03,-113.22,477.51,490.95,477.51,348.61,4.0625,578.08,3183.70,0.8125,4249.31,1,92.9
37642,1.1725,-0.6125,0.1225,1.3285,15.13,-110.78,480.92,493.75,480.92,113.81,4.0625,578.08,3183.70,0.8125,4249.31,1,92.9
37742,0.0875,-0.7175,0.2800,0.7752,14.03,-112.36,479.46,492.65,479.46,167.16,4.0625,578.08,3183.70,0.8125,4249.31,1,92.9
37842,1.2600,-0.7875,0.4200,1.5441,15.62,-110.90,481.05,493.91,481.05,15.18,4.0625,578.08,3183.70,0.8125,4249.31,1,92.9
37942,-1.2950,-0.7700,0.2975,1.5357,14.88,-110.04,483.97,496.55,483.97,258.00,4.0625,578.08,3183.70,0.8125,4249.31,1,92.9
38042,0.3850,-0.7525,0.1575,0.8598,11.71,-110.04,479.70,492.30,479.70,82.83,4.0625,578.08,3183.70,0.8125,4249.31,1,92.9
38142,1.2250,-0.6825,0.1575,1.4111,12.08,-109.68,481.66,494.13,481.66,73.87,4.0625,578.08,3183.70,0.8125,4249.31,1,92.9
38242,0.8400,-0.7175,0.1225,1.1115,15.13,-106.75,480.56,492.50,480.56,53.14,4.0625,578.08,3183.70,0.8125,4249.31,1,92.9
38342,1.3300,-0.6825,0.2625,1.5178,15.74,-106.26,481.66,493.49,481.66,99.17,4.0625,578.08,3183.70,0.8125,4249.31,1,92.9
38444,0.1050,-0.7525,0.1750,0.7797,14.88,-108.09,482.51,494.69,482.51,15.94,4.0625,50.78,277.83,1.2188,73.09,1,93.3
38542,0.9275,-0.7525,0.3850,1.2549,14.64,-107.85,483.00,495.11,483.00,134.04,4.0625,50.78,277.83,1.2188,73.09,1,93.3
38642,0.4200,-0.7175,0.2100,0.8575,13.42,-106.02,481.29,493.01,481.29,83.46,4.0625,50.78,277.83,1.2188,73.09,1,93.3
38742,2.0125,-0.7350,0.3150,2.1655,15.74,-106.14,482.27,494.06,482.27,126.33,4.0625,50.78,277.83,1.2188,73.09,1,93.3
38842,0.8925,-0.7525,0.1750,1.1804,14.52,-105.53,482.88,494.49,482.88,2.58,4.0625,50.78,277.83,1.2188,73.09,1,93.3
38942,4.8125,-0.9800,1.3300,5.0882,16.23,-103.82,478.73,490.13,478.73,110.78,4.0625,50.78,277.83,1.2188,73.09,1,93.3
39042,2.6075,-0.6300,0.1050,2.6846,13.79,-100.04,482.39,492.85,482.39,427.09,4.0625,50.78,277.83,1.2188,73.09,1,93.3
39142,0.7175,-0.6825,0.1575,1.0027,13.66,-100.89,485.07,495.64,485.07,12.70,4.0625,50.78,277.83,1.2188,73.09,1,93.3
39242,1.2950,-0.6650,0.1925,1.4684,14.76,-101.02,480.80,491.52,480.80,335.83,4.0625,50.78,277.83,1.2188,73.09,1,93.3
39342,1.1725,-0.7525,0.1575,1.4021,13.66,-97.84,481.53,491.56,481.53,166.24,4.0625,50.78,277.83,1.2188,73.09,1,93.3
39442,1.3825,-0.7000,0.1225,1.5544,13.54,-97.97,484.46,494.45,484.46,159.89,4.0625,50.78,277.83,1.2188,73.09,1,93.3
39542,0.8400,-0.6475,0.1225,1.0676,14.88,-97.60,486.90,496.81,486.90,116.89,4.0625,50.78,277.83,1.2188,73.09,1,93.3
39642,0.7000,-0.6650,0.1225,0.9733,14.15,-98.82,484.71,494.88,484.71,16.28,4.0625,50.78,277.83,1.2188,73.09,1,93.3
39742,0.6475,-0.7000,0.0875,0.9576,14.52,-98.21,483.73,493.81,483.73,128.89,4.0625,50.78,277.83,1.2188,73.09,1,93.3
39842,0.4375,-0.7000,0.1400,0.8373,13.79,-98.58,484.10,494.22,484.10,47.70,4.0625,50.78,277.83,1.2188,73.09,1,93.3
39942,0.9450,-0.7350,0.1575,1.2075,15.49,-97.72,483.61,493.63,483.61,54.52,4.0625,50.78,277.83,1.2188,73.09,1,93.3
40042,1.1025,-0.7000,0.2275,1.3256,13.79,-96.50,484.71,494.41,484.71,75.46,4.0625,50.78,277.83,1.2188,73.09,1,93.3
