SWV ITM Data Console - ITM Port: 0

=== PARKINSON TREMOR MONITOR ===
IMU init... OK
FFT INIT STATUS: 0
TIME_MS,GX_DPS,GY_DPS,GZ_DPS,GYRO_MAG,AX_MG,AY_MG,AZ_MG,ACCEL_MAG,ACCEL_VERT,JERK_MG_S,DOMINANT_HZ,PEAK_FFT_MAG,BAND_ENERGY,GLOBAL_HZ,GLOBAL_MAG,TREMOR,TREMOR_PCT
142,0.7350,-0.6825,0.1750,1.0182,-33.18,42.46,496.05,498.97,496.05,3.13,0.0000,0.00,0.00,0.0000,0.00,0,0.0
242,0.3325,-0.6125,0.0700,0.7004,-33.43,42.82,495.20,498.17,495.20,99.96,0.0000,0.00,0.00,0.0000,0.00,0,0.0
342,0.2450,-0.5775,0.1050,0.6360,-33.55,41.85,495.20,498.09,495.20,21.04,0.0000,0.00,0.00,0.0000,0.00,0,0.0
442,0.4025,-0.6125,0.0875,0.7381,-33.06,41.11,495.20,498.00,495.20,96.31,0.0000,0.00,0.00,0.0000,0.00,0,0.0
542,0.4900,-0.6300,0.1225,0.8075,-32.33,42.09,496.42,499.25,496.42,18.88,0.0000,0.00,0.00,0.0000,0.00,0,0.0
642,0.3850,-0.5950,0.1050,0.7164,-33.67,41.48,496.54,499.41,496.54,1.24,0.0000,0.00,0.00,0.0000,0.00,0,0.0
742,0.5250,-0.6475,0.1400,0.8453,-32.70,41.11,495.56,498.34,495.56,58.09,0.0000,0.00,0.00,0.0000,0.00,0,0.0
842,0.6825,-0.6650,0.1400,0.9631,-31.96,41.85,496.05,498.84,496.05,4.30,0.0000,0.00,0.00,0.0000,0.00,0,0.0
942,0.3150,-0.6300,0.0875,0.7098,-33.43,41.72,496.17,499.05,496.17,51.62,0.0000,0.00,0.00,0.0000,0.00,0,0.0
1042,0.8225,-1.2250,0.4025,1.5294,-31.48,46.85,508.37,511.50,508.37,3346.27,0.0000,0.00,0.00,0.0000,0.00,0,0.0
1142,-0.4375,-0.5600,0.1050,0.7184,-32.70,40.87,494.47,497.23,494.47,70.46,0.0000,0.00,0.00,0.0000,0.00,0,0.0
1242,-0.4900,-0.4900,0.0525,0.6950,-34.16,40.87,496.78,499.63,496.78,234.02,0.0000,0.00,0.00,0.0000,0.00,0,0.0
1342,0.6650,-0.6825,0.1225,0.9607,-32.70,41.72,497.76,500.57,497.76,146.65,0.0000,0.00,0.00,0.0000,0.00,0,0.0
1442,0.8400,-0.7000,0.1575,1.1047,-32.94,42.58,495.93,498.84,495.93,23.26,0.0000,0.00,0.00,0.0000,0.00,0,0.0
1542,0.4725,-0.5425,0.0875,0.7247,-32.21,42.46,494.34,497.21,494.34,14.36,0.0000,0.00,0.00,0.0000,0.00,0,0.0
1642,0.2975,-0.5600,0.1050,0.6428,-33.06,41.48,496.17,499.00,496.17,47.25,0.0000,0.00,0.00,0.0000,0.00,0,0.0
1742,0.1925,-0.4900,0.0175,0.5267,-32.70,40.50,495.56,498.29,495.56,9.05,0.0000,0.00,0.00,0.0000,0.00,0,0.0
1842,0.4550,-0.5600,0.1225,0.7319,-34.28,41.60,495.56,498.49,495.56,70.14,0.0000,0.00,0.00,0.0000,0.00,0,0.0
1942,0.7000,-0.6125,0.1050,0.9360,-33.79,42.70,497.27,500.24,497.27,1.33,0.0000,0.00,0.00,0.0000,0.00,0,0.0
2042,-22.4175,17.6575,-10.6400,30.4556,-54.66,-12.93,484.10,487.34,484.10,4537.59,0.0000,0.00,0.00,0.0000,0.00,0,0.0
2142,-1.2250,68.3725,-124.1100,141.7025,-23.67,44.65,579.26,581.46,579.26,2623.79,0.0000,0.00,0.00,0.0000,0.00,0,0.0
2242,-7.1575,144.3400,18.5500,145.7030,-166.53,31.60,440.66,472.14,440.66,2486.58,0.0000,0.00,0.00,0.0000,0.00,0,0.0
2342,-5.0400,48.9825,1.5925,49.2669,-249.73,21.47,423.58,492.19,423.58,519.76,0.0000,0.00,0.00,0.0000,0.00,0,0.0
2442,-11.9350,44.3275,6.5800,46.3753,-275.11,12.20,395.65,482.05,395.65,472.17,0.0000,0.00,0.00,0.0000,0.00,0,0.0
2542,0.7350,-70.7175,8.3475,71.2123,-300.85,42.58,403.09,504.78,403.09,2720.27,0.0000,0.00,0.00,0.0000,0.00,0,0.0
2642,5.2500,-43.7500,-0.6825,44.0692,-270.47,26.84,441.40,518.37,441.40,3755.58,3.6562,155.40,636.16,0.4062,1568.71,0,0.0
2742,3.7975,-41.2825,-16.1000,44.4733,-236.92,22.08,406.14,470.71,406.14,1538.46,3.6562,155.40,636.16,0.4062,1568.71,0,0.0
2842,4.2525,-5.2675,-9.1350,11.3701,-266.08,31.23,396.62,478.63,396.62,61.52,3.6562,155.40,636.16,0.4062,1568.71,0,0.0
2942,-3.8675,32.2875,5.1625,32.9255,-267.55,18.67,373.32,459.67,373.32,971.47,3.6562,155.40,636.16,0.4062,1568.71,0,0.0
3042,0.2275,29.8725,-8.3825,31.0272,-273.28,16.47,398.09,483.14,398.09,382.71,3.6562,155.40,636.16,0.4062,1568.71,0,0.0
3142,0.7525,10.5000,-1.7325,10.6685,-279.99,17.93,420.29,505.33,420.29,215.32,3.6562,155.40,636.16,0.4062,1568.71,0,0.0
3242,2.3100,-6.2825,1.5400,6.8686,-275.96,15.37,414.19,497.94,414.19,320.70,3.6562,155.40,636.16,0.4062,1568.71,0,0.0
3342,3.2550,-2.9225,-2.9750,5.2902,-282.92,25.99,410.53,499.25,410.53,569.83,3.6562,155.40,636.16,0.4062,1568.71,0,0.0
3442,0.9975,-1.9600,-0.9275,2.3868,-277.92,16.71,394.91,483.19,394.91,213.39,3.6562,155.40,636.16,0.4062,1568.71,0,0.0
3542,-0.9450,3.3425,1.4350,3.7583,-286.94,26.72,391.13,485.83,391.13,159.38,3.6562,155.40,636.16,0.4062,1568.71,0,0.0
3642,-0.1750,1.4875,3.1150,3.4564,-280.36,18.79,401.62,490.16,401.62,486.19,3.6562,155.40,636.16,0.4062,1568.71,0,0.0
3742,-0.8225,-1.2250,2.7125,3.0878,-279.75,20.37,409.19,496.09,409.19,110.91,3.6562,155.40,636.16,0.4062,1568.71,0,0.0
3842,-0.8575,9.9575,3.0275,10.4428,-285.85,21.72,392.23,485.82,392.23,301.78,3.6562,155.40,636.16,0.4062,1568.71,0,0.0
3942,1.2600,1.8200,1.2600,2.5471,-288.41,26.96,403.82,496.97,403.82,153.63,3.6562,155.40,636.16,0.4062,1568.71,0,0.0
4042,0.5425,-1.8200,0.5775,1.9850,-277.79,24.89,415.78,500.66,415.78,31.05,3.6562,155.40,636.16,0.4062,1568.71,0,0.0
4142,-0.5775,-2.5725,0.5950,2.7028,-275.96,21.72,410.65,495.24,410.65,75.19,3.6562,155.40,636.16,0.4062,1568.71,0,0.0
4242,0.5600,1.3650,-1.2250,1.9177,-277.31,20.50,407.36,493.21,407.36,185.30,3.6562,155.40,636.16,0.4062,1568.71,0,0.0
4342,0.5425,0.3325,0.5075,0.8139,-278.53,23.91,407.24,493.95,407.24,87.59,3.6562,155.40,636.16,0.4062,1568.71,0,0.0
4442,0.8400,-4.3575,0.2275,4.4436,-280.60,23.18,409.43,496.90,409.43,437.50,3.6562,155.40,636.16,0.4062,1568.71,0,0.0
4542,1.0500,-3.4475,0.8050,3.6927,-279.75,23.67,410.41,497.25,410.41,117.33,3.6562,155.40,636.16,0.4062,1568.71,0,0.0
4642,0.6125,1.4875,0.4200,1.6626,-281.09,23.30,407.24,495.37,407.24,238.40,3.6562,155.40,636.16,0.4062,1568.71,0,0.0
4742,0.7350,0.9975,0.0175,1.2392,-283.41,24.52,405.41,495.25,405.41,64.92,3.6562,155.40,636.16,0.4062,1568.71,0,0.0
4842,0.7700,-4.4450,1.2075,4.6700,-283.65,24.77,400.16,491.12,400.16,17.04,3.6562,155.40,636.16,0.4062,1568.71,0,0.0
4942,0.1225,1.2250,0.8050,1.4709,-283.53,23.79,403.58,493.79,403.58,67.93,3.6562,155.40,636.16,0.4062,1568.71,0,0.0
5042,0.4725,1.6275,-0.5600,1.7848,-284.63,24.40,398.94,490.67,398.94,323.31,3.6562,155.40,636.16,0.4062,1568.71,0,0.0
5142,0.4375,-0.1400,0.6125,0.7656,-285.36,26.11,398.45,490.79,398.45,167.82,3.6562,155.40,636.16,0.4062,1568.71,0,0.0
5242,0.6300,3.0100,0.2800,3.0879,-281.58,23.55,410.77,498.57,410.77,264.82,4.8750,76.74,289.41,0.4062,296.30,1,50.0
5342,0.5600,1.7150,0.0525,1.8049,-283.41,22.94,404.55,494.48,404.55,490.39,4.8750,76.74,289.41,0.4062,296.30,1,50.0
5442,0.2100,-1.1900,0.3500,1.2581,-285.24,23.91,401.38,492.99,401.38,278.74,4.8750,76.74,289.41,0.4062,296.30,1,50.0
5542,0.7525,0.3675,0.4900,0.9703,-285.24,23.06,399.31,491.26,399.31,395.37,4.8750,76.74,289.41,0.4062,296.30,1,50.0
5642,0.7525,1.0150,0.2800,1.2942,-285.24,23.91,404.80,495.77,404.80,284.11,4.8750,76.74,289.41,0.4062,296.30,1,50.0
5742,0.9275,-2.4850,0.7350,2.7524,-282.55,22.45,407.11,496.07,407.11,395.42,4.8750,76.74,289.41,0.4062,296.30,1,50.0
5842,0.5950,2.4500,-0.0350,2.5215,-282.55,22.81,410.53,498.89,410.53,34.07,4.8750,76.74,289.41,0.4062,296.30,1,50.0
5942,0.4725,-3.3250,0.4550,3.3891,-284.38,23.42,401.50,492.57,401.50,35.83,4.8750,76.74,289.41,0.4062,296.30,1,50.0
6042,-0.1050,-6.4225,-0.4550,6.4395,-282.80,22.33,405.89,495.20,405.89,154.44,4.8750,76.74,289.41,0.4062,296.30,1,50.0
6142,0.3500,1.8725,-0.7000,2.0295,-282.31,23.06,406.50,495.45,406.50,25.25,4.8750,76.74,289.41,0.4062,296.30,1,50.0
6242,0.6475,1.3650,-0.5600,1.6112,-283.16,23.18,404.43,494.25,404.43,294.13,4.8750,76.74,289.41,0.4062,296.30,1,50.0
6342,0.6125,-0.3325,0.0000,0.6969,-282.80,21.96,403.82,493.48,403.82,110.27,4.8750,76.74,289.41,0.4062,296.30,1,50.0
6442,-0.1400,-3.3600,0.4550,3.3936,-279.99,22.20,405.89,493.60,405.89,59.79,4.8750,76.74,289.41,0.4062,296.30,1,50.0
6542,0.4375,-5.5475,-0.0875,5.5654,-279.75,24.03,408.82,495.95,408.82,386.27,4.8750,76.74,289.41,0.4062,296.30,1,50.0
6642,0.0350,-0.1225,0.3675,0.3890,-283.53,25.38,400.16,491.08,400.16,24.60,4.8750,76.74,289.41,0.4062,296.30,1,50.0
6742,0.3675,-0.2800,0.1050,0.4738,-282.80,23.06,406.87,496.03,406.87,136.91,4.8750,76.74,289.41,0.4062,296.30,1,50.0
6842,0.7525,-1.2075,-0.2275,1.4409,-281.21,22.20,406.50,494.79,406.50,14.36,4.8750,76.74,289.41,0.4062,296.30,1,50.0
6942,0.3500,-0.2625,0.1050,0.4499,-283.04,23.55,403.58,493.50,403.58,403.62,4.8750,76.74,289.41,0.4062,296.30,1,50.0
7042,0.2625,-1.2250,-0.1225,1.2588,-280.72,23.06,403.09,491.75,403.09,285.12,4.8750,76.74,289.41,0.4062,296.30,1,50.0
7142,1.2425,-2.0650,-0.1225,2.4131,-281.70,22.57,406.26,494.88,406.26,187.41,4.8750,76.74,289.41,0.4062,296.30,1,50.0
7242,0.5775,0.7875,0.1400,0.9865,-280.48,23.67,408.09,495.75,408.09,85.14,4.8750,76.74,289.41,0.4062,296.30,1,50.0
7342,0.6125,3.3250,-0.0525,3.3814,-281.94,22.94,402.48,491.94,402.48,364.68,4.8750,76.74,289.41,0.4062,296.30,1,50.0
7442,1.1550,-0.4200,-0.1575,1.2390,-281.82,22.81,408.46,496.77,408.46,187.19,4.8750,76.74,289.41,0.4062,296.30,1,50.0
7542,0.1575,3.8325,0.6650,3.8930,-286.58,24.40,397.11,490.33,397.11,458.72,4.8750,76.74,289.41,0.4062,296.30,1,50.0
7642,0.4550,-1.5400,0.2275,1.6218,-283.77,25.25,404.92,495.10,404.92,127.38,4.8750,76.74,289.41,0.4062,296.30,1,50.0
7742,-0.1925,-4.7250,-0.1575,4.7315,-284.50,24.89,404.92,495.50,404.92,348.34,4.0625,30.98,115.99,0.4062,37.68,1,33.3
7842,1.0325,-1.2950,0.5950,1.7599,-281.45,22.69,403.82,492.75,403.82,288.04,4.0625,30.98,115.99,0.4062,37.68,1,33.3
7942,0.5425,1.6275,0.5950,1.8158,-280.97,22.33,404.55,493.05,404.55,13.24,4.0625,30.98,115.99,0.4062,37.68,1,33.3
8042,0.5425,-0.8575,0.3325,1.0678,-283.41,23.30,403.94,494.00,403.94,153.41,4.0625,30.98,115.99,0.4062,37.68,1,33.3
8142,0.0700,-1.9425,-0.1225,1.9476,-284.38,24.52,402.72,493.62,402.72,18.70,4.0625,30.98,115.99,0.4062,37.68,1,33.3
8242,0.0875,-2.4850,-0.5600,2.5488,-283.77,22.94,402.11,492.69,402.11,164.66,4.0625,30.98,115.99,0.4062,37.68,1,33.3
8342,0.1050,-2.2050,0.7350,2.3266,-282.80,23.67,402.60,492.57,402.60,21.37,4.0625,30.98,115.99,0.4062,37.68,1,33.3
8442,0.2800,-5.4600,0.1575,5.4694,-279.14,22.33,412.12,498.25,412.12,128.19,4.0625,30.98,115.99,0.4062,37.68,1,33.3
8542,0.4725,5.3375,-0.4200,5.3748,-282.92,22.69,399.55,490.10,399.55,507.04,4.0625,30.98,115.99,0.4062,37.68,1,33.3
8642,0.6650,-2.7475,0.9450,2.9806,-282.06,23.91,408.46,496.96,408.46,367.69,4.0625,30.98,115.99,0.4062,37.68,1,33.3
8742,0.4375,-0.1050,1.0850,1.1746,-283.89,25.01,405.77,495.86,405.77,140.68,4.0625,30.98,115.99,0.4062,37.68,1,33.3
8842,0.0000,-2.6775,0.0875,2.6789,-284.63,23.79,401.26,492.53,401.26,159.92,4.0625,30.98,115.99,0.4062,37.68,1,33.3
8942,0.9275,3.1150,0.5775,3.3011,-284.99,23.79,402.48,493.74,402.48,41.02,4.0625,30.98,115.99,0.4062,37.68,1,33.3
9042,4.3050,-7.7525,-2.5200,9.2187,-284.75,25.74,396.50,488.83,396.50,510.98,4.0625,30.98,115.99,0.4062,37.68,1,33.3
9142,5.1450,1.3650,1.5400,5.5413,-286.21,36.60,413.82,504.49,413.82,391.25,4.0625,30.98,115.99,0.4062,37.68,1,33.3
9242,-0.6475,2.5725,2.1000,3.3833,-289.51,25.38,397.72,492.58,397.72,168.77,4.0625,30.98,115.99,0.4062,37.68,1,33.3
9342,-1.7150,0.3325,1.8200,2.5227,-288.90,21.11,401.01,494.69,401.01,12.06,4.0625,30.98,115.99,0.4062,37.68,1,33.3
9442,-0.3850,-2.3450,1.1550,2.6422,-290.36,25.50,397.60,492.99,397.60,103.62,4.0625,30.98,115.99,0.4062,37.68,1,33.3
9542,0.1925,2.6075,-0.5950,2.6814,-290.73,23.30,400.40,495.37,400.40,240.29,4.0625,30.98,115.99,0.4062,37.68,1,33.3
9642,-0.5950,0.9100,1.1900,1.6119,-292.80,24.64,396.13,493.22,396.13,235.39,4.0625,30.98,115.99,0.4062,37.68,1,33.3
9742,0.0875,0.4025,0.4550,0.6137,-295.00,22.33,389.06,488.76,389.06,82.65,4.0625,30.98,115.99,0.4062,37.68,1,33.3
9842,0.3150,7.2100,0.2625,7.2217,-296.09,21.96,396.62,495.44,396.62,329.10,4.0625,30.98,115.99,0.4062,37.68,1,33.3
9942,0.6650,2.9225,-0.1400,3.0005,-300.36,22.94,392.23,494.56,392.23,397.17,4.0625,30.98,115.99,0.4062,37.68,1,33.3
10042,0.6650,2.7650,0.1225,2.8465,-299.02,22.20,393.69,494.88,393.69,560.02,4.0625,30.98,115.99,0.4062,37.68,1,33.3
10142,-0.0700,-3.1150,1.7150,3.5566,-300.97,23.91,394.55,496.82,394.55,69.42,4.0625,30.98,115.99,0.4062,37.68,1,33.3
10242,0.2800,-4.1300,0.2275,4.1457,-301.71,23.42,391.86,495.11,391.86,9.47,4.0625,30.98,115.99,0.4062,37.68,1,33.3
10342,1.5575,-4.6200,-0.8575,4.9503,-302.80,23.30,392.11,495.97,392.11,120.38,3.6562,40.90,203.82,1.2188,197.95,1,25.0
10442,0.1750,-2.6425,1.4350,3.0121,-301.22,26.35,394.43,496.99,394.43,646.37,3.6562,40.90,203.82,1.2188,197.95,1,25.0
10542,0.1400,4.4975,-1.1900,4.6544,-303.29,22.45,382.10,488.36,382.10,181.42,3.6562,40.90,203.82,1.2188,197.95,1,25.0
10642,1.4875,11.0250,0.0350,11.1249,-305.73,23.79,390.16,496.25,390.16,711.65,3.6562,40.90,203.82,1.2188,197.95,1,25.0
10742,4.0775,81.9700,1.5925,82.0868,-331.11,20.98,340.87,475.67,340.87,828.66,3.6562,40.90,203.82,1.2188,197.95,1,25.0
10842,0.8925,18.1475,-1.4000,18.2233,-349.65,22.33,376.49,514.30,376.49,1009.90,3.6562,40.90,203.82,1.2188,197.95,1,25.0
10942,5.4600,7.0350,2.9225,9.3725,-376.74,28.67,302.44,483.96,302.44,515.42,3.6562,40.90,203.82,1.2188,197.95,1,25.0
11042,-0.9625,12.7050,3.2025,13.1377,-377.35,29.52,325.13,498.97,325.13,182.90,3.6562,40.90,203.82,1.2188,197.95,1,25.0
11142,1.0675,0.7525,2.5900,2.9007,-386.86,28.55,309.03,495.96,309.03,602.73,3.6562,40.90,203.82,1.2188,197.95,1,25.0
11242,-1.2950,3.1500,-0.3675,3.4256,-384.06,44.77,323.91,504.40,323.91,219.82,3.6562,40.90,203.82,1.2188,197.95,1,25.0
11342,0.2975,31.4300,-2.4850,31.5295,-398.45,32.09,281.70,489.03,281.70,797.32,3.6562,40.90,203.82,1.2188,197.95,1,25.0
11442,-3.9375,-2.4500,-1.9600,5.0347,-402.36,42.58,280.11,492.10,280.11,199.49,3.6562,40.90,203.82,1.2188,197.95,1,25.0
11542,-3.5875,-5.6525,-1.7675,6.9242,-391.13,28.18,295.61,491.08,295.61,1049.78,3.6562,40.90,203.82,1.2188,197.95,1,25.0
11642,4.6025,-4.3750,-20.4750,21.4371,-379.54,12.93,244.73,451.79,244.73,4932.55,3.6562,40.90,203.82,1.2188,197.95,1,25.0
11742,1.8900,5.9150,-6.7375,9.1626,-411.51,37.45,300.61,510.98,300.61,544.47,3.6562,40.90,203.82,1.2188,197.95,1,25.0
11842,12.3725,8.9425,-3.7975,15.7311,-400.77,38.19,289.26,495.73,289.26,96.32,3.6562,40.90,203.82,1.2188,197.95,1,25.0
11942,0.6125,4.3925,-0.4725,4.4601,-402.72,26.11,284.38,493.70,284.38,317.95,3.6562,40.90,203.82,1.2188,197.95,1,25.0
12042,1.0150,2.9575,-1.6450,3.5331,-405.41,29.28,272.91,489.58,272.91,346.21,3.6562,40.90,203.82,1.2188,197.95,1,25.0
12142,0.8575,-7.4550,1.4700,7.6468,-407.11,32.94,279.50,494.92,279.50,228.35,3.6562,40.90,203.82,1.2188,197.95,1,25.0
12242,19.0400,-7.9450,1.4350,20.6810,-397.84,31.23,281.45,488.33,281.45,535.88,3.6562,40.90,203.82,1.2188,197.95,1,25.0
12342,-6.7200,9.4675,-2.8525,11.9553,-403.82,30.87,287.07,496.42,287.07,271.24,3.6562,40.90,203.82,1.2188,197.95,1,25.0
12442,-0.6475,6.8250,0.7175,6.8931,-409.80,25.86,275.84,494.66,275.84,89.07,3.6562,40.90,203.82,1.2188,197.95,1,25.0
12542,3.4125,-10.1500,-5.0575,11.8425,-408.82,31.48,277.55,495.14,277.55,347.67,3.6562,40.90,203.82,1.2188,197.95,1,25.0
12642,0.4725,1.9775,-0.0175,2.0332,-409.80,29.77,275.35,494.61,275.35,37.41,3.6562,40.90,203.82,1.2188,197.95,1,25.0
12742,-1.9425,-1.0325,-0.1750,2.2068,-408.82,31.11,277.06,494.84,277.06,133.44,3.6562,40.90,203.82,1.2188,197.95,1,25.0
12844,0.8575,-2.6425,-1.4525,3.1349,-409.43,26.23,271.94,492.21,271.94,248.99,5.6875,303.92,1227.00,1.2188,412.62,1,20.0
12942,0.0350,5.0050,-1.1725,5.1406,-410.90,24.89,269.25,491.89,269.25,337.13,5.6875,303.92,1227.00,1.2188,412.62,1,20.0
13042,1.1200,-1.2075,0.4900,1.7183,-408.33,33.31,289.63,501.73,289.63,290.75,5.6875,303.92,1227.00,1.2188,412.62,1,20.0
13142,-1.0675,-2.8350,0.3500,3.0495,-407.11,26.84,283.28,496.70,283.28,42.93,5.6875,303.92,1227.00,1.2188,412.62,1,20.0
13242,0.1750,-0.5775,0.0000,0.6034,-406.38,25.99,283.77,496.33,283.77,60.10,5.6875,303.92,1227.00,1.2188,412.62,1,20.0
13342,0.0700,-1.5050,0.4900,1.5843,-406.99,25.50,274.87,491.78,274.87,430.69,5.6875,303.92,1227.00,1.2188,412.62,1,20.0
13442,0.3500,-2.2575,0.0350,2.2847,-407.11,23.67,279.01,494.12,279.01,92.79,5.6875,303.92,1227.00,1.2188,412.62,1,20.0
13542,0.0525,1.2950,-0.5075,1.3919,-408.94,24.89,278.04,495.14,278.04,280.54,5.6875,303.92,1227.00,1.2188,412.62,1,20.0
13642,-1.1550,-3.6925,-0.8400,3.9591,-410.16,24.77,277.43,495.80,277.43,38.45,5.6875,303.92,1227.00,1.2188,412.62,1,20.0
13742,2.6425,-2.3100,0.6475,3.5691,-407.72,23.06,275.60,492.67,275.60,161.12,5.6875,303.92,1227.00,1.2188,412.62,1,20.0
13842,1.1725,1.1200,0.4900,1.6939,-408.46,26.96,280.84,496.42,280.84,185.49,5.6875,303.92,1227.00,1.2188,412.62,1,20.0
13942,0.9275,-2.8350,-0.3150,2.9995,-408.33,26.35,279.01,495.26,279.01,270.98,5.6875,303.92,1227.00,1.2188,412.62,1,20.0
14042,0.2100,1.9425,0.5250,2.0231,-409.43,24.77,272.55,492.47,272.55,64.49,5.6875,303.92,1227.00,1.2188,412.62,1,20.0
14142,-0.5250,0.2100,0.0875,0.5722,-408.33,25.38,276.94,494.04,276.94,51.44,5.6875,303.92,1227.00,1.2188,412.62,1,20.0
14242,0.2450,1.6275,-0.1050,1.6492,-408.58,24.52,274.26,492.70,274.26,134.16,5.6875,303.92,1227.00,1.2188,412.62,1,20.0
14342,0.6300,-0.6300,0.1750,0.9080,-408.21,26.47,278.28,494.75,278.28,62.46,5.6875,303.92,1227.00,1.2188,412.62,1,20.0
14442,0.5950,-1.7675,-0.2275,1.8788,-409.19,26.47,273.28,492.77,273.28,51.03,5.6875,303.92,1227.00,1.2188,412.62,1,20.0
14542,0.6300,-2.1350,0.4375,2.2686,-408.09,25.01,273.52,491.91,273.52,90.87,5.6875,303.92,1227.00,1.2188,412.62,1,20.0
14642,0.3150,1.4700,0.1225,1.5084,-407.72,24.89,273.89,491.81,273.89,276.68,5.6875,303.92,1227.00,1.2188,412.62,1,20.0
14742,0.0700,-2.2225,-0.1050,2.2261,-407.11,25.01,278.89,494.11,278.89,52.78,5.6875,303.92,1227.00,1.2188,412.62,1,20.0
14842,0.0000,-1.2775,-0.3150,1.3158,-409.19,25.99,274.50,493.42,274.50,55.48,5.6875,303.92,1227.00,1.2188,412.62,1,20.0
14942,0.8225,0.3675,0.4200,0.9940,-408.58,26.23,278.89,495.38,278.89,156.40,5.6875,303.92,1227.00,1.2188,412.62,1,20.0
15042,-0.0700,-1.4175,-0.1050,1.4231,-408.33,23.91,274.99,492.88,274.99,54.91,5.6875,303.92,1227.00,1.2188,412.62,1,20.0
15142,0.4725,-2.5200,-0.1400,2.5677,-407.36,25.86,281.82,496.02,281.82,226.24,5.6875,303.92,1227.00,1.2188,412.62,1,20.0
15242,1.2425,-2.0300,0.5425,2.4411,-407.36,26.47,277.43,493.57,277.43,1.32,5.6875,303.92,1227.00,1.2188,412.62,1,20.0
15342,-0.0350,1.2950,0.0000,1.2955,-408.21,24.64,277.92,494.45,277.92,26.07,5.6875,303.92,1227.00,1.2188,412.62,1,20.0
15442,-0.1750,0.8750,-0.1050,0.8985,-406.26,22.69,281.09,494.54,281.09,34.02,4.0625,24.43,107.05,0.4062,45.88,1,16.7
15542,0.7175,-4.4975,0.4550,4.5770,-406.14,22.69,279.62,493.61,279.62,100.96,4.0625,24.43,107.05,0.4062,45.88,1,16.7
15642,0.1050,-0.4375,0.2800,0.5299,-406.99,22.57,278.28,493.55,278.28,14.61,4.0625,24.43,107.05,0.4062,45.88,1,16.7
15742,0.1750,-3.1150,-0.0875,3.1211,-407.48,23.55,276.82,493.18,276.82,84.63,4.0625,24.43,107.05,0.4062,45.88,1,16.7
15842,1.3650,0.6475,0.8575,1.7372,-408.09,25.13,280.23,495.68,280.23,68.62,4.0625,24.43,107.05,0.4062,45.88,1,16.7
15942,1.4000,-0.8750,0.0175,1.6510,-407.85,24.64,276.09,493.12,276.09,30.72,4.0625,24.43,107.05,0.4062,45.88,1,16.7
16042,1.0500,-0.4375,-0.0875,1.1409,-407.97,24.28,275.84,493.07,275.84,115.47,4.0625,24.43,107.05,0.4062,45.88,1,16.7
16142,0.2800,-0.3850,-0.1225,0.4916,-407.36,23.67,278.77,494.18,278.77,68.06,4.0625,24.43,107.05,0.4062,45.88,1,16.7
16242,0.5775,-0.9275,-0.5600,1.2277,-408.09,25.25,278.65,494.79,278.65,120.70,4.0625,24.43,107.05,0.4062,45.88,1,16.7
16342,0.7350,-0.2100,0.3150,0.8268,-409.31,26.35,274.13,493.33,274.13,95.81,4.0625,24.43,107.05,0.4062,45.88,1,16.7
16442,1.0675,-1.2600,1.0150,1.9384,-407.97,25.50,280.84,495.94,280.84,66.50,4.0625,24.43,107.05,0.4062,45.88,1,16.7
16542,0.0875,-2.7825,0.2800,2.7979,-407.85,24.89,278.40,494.44,278.40,24.42,4.0625,24.43,107.05,0.4062,45.88,1,16.7
16642,0.4900,-2.2225,-0.1225,2.2792,-408.09,26.84,279.38,495.29,279.38,42.06,4.0625,24.43,107.05,0.4062,45.88,1,16.7
16742,0.8925,-1.3300,0.6300,1.7211,-408.21,27.45,279.50,495.49,279.50,6.69,4.0625,24.43,107.05,0.4062,45.88,1,16.7
16842,0.3150,-2.3975,-0.5075,2.4708,-407.36,25.01,282.06,496.11,282.06,327.44,4.0625,24.43,107.05,0.4062,45.88,1,16.7
16942,0.8225,-0.5775,0.8050,1.2876,-406.99,23.67,277.06,492.92,277.06,73.79,4.0625,24.43,107.05,0.4062,45.88,1,16.7
17042,0.6300,-2.6075,0.3500,2.7053,-407.60,26.23,281.58,496.10,281.58,263.12,4.0625,24.43,107.05,0.4062,45.88,1,16.7
17142,0.2800,1.1200,0.2275,1.1767,-407.48,25.25,276.82,493.26,276.82,45.69,4.0625,24.43,107.05,0.4062,45.88,1,16.7
17242,1.2075,-3.2200,1.1200,3.6167,-408.09,26.35,274.01,492.25,274.01,13.38,4.0625,24.43,107.05,0.4062,45.88,1,16.7
17342,0.4375,0.3500,1.0675,1.2056,-408.58,25.50,271.45,491.19,271.45,54.54,4.0625,24.43,107.05,0.4062,45.88,1,16.7
17442,0.0700,-1.7150,-0.0175,1.7165,-407.72,27.94,279.99,495.39,279.99,206.05,4.0625,24.43,107.05,0.4062,45.88,1,16.7
17542,0.1400,0.0525,-0.1400,0.2048,-407.60,23.79,274.99,492.26,274.99,15.41,4.0625,24.43,107.05,0.4062,45.88,1,16.7
17642,0.4025,0.0350,0.0525,0.4074,-408.33,25.25,276.09,493.56,276.09,61.11,4.0625,24.43,107.05,0.4062,45.88,1,16.7
17742,0.0875,0.1225,0.4900,0.5126,-407.48,24.03,274.87,492.11,274.87,150.83,4.0625,24.43,107.05,0.4062,45.88,1,16.7
17842,0.5425,-0.4725,0.2975,0.7785,-407.11,26.35,280.84,495.29,280.84,79.21,4.0625,24.43,107.05,0.4062,45.88,1,16.7
17942,0.4550,0.5775,0.0175,0.7354,-407.11,25.99,277.18,493.20,277.18,85.75,4.0625,24.43,107.05,0.4062,45.88,1,16.7
18042,0.6650,0.2800,0.2100,0.7515,-409.07,24.77,272.55,492.17,272.55,747.33,4.8750,18.37,55.38,9.7500,22.07,1,14.3
18142,0.4375,-1.2600,0.3325,1.3746,-407.36,25.62,281.58,495.86,281.58,133.64,4.8750,18.37,55.38,9.7500,22.07,1,14.3
18242,0.2275,0.9450,0.1225,0.9797,-409.31,25.13,278.77,495.86,278.77,11.56,4.8750,18.37,55.38,9.7500,22.07,1,14.3
18342,-0.5425,6.0025,-0.8575,6.0877,-409.31,23.55,275.35,493.87,275.35,306.05,4.8750,18.37,55.38,9.7500,22.07,1,14.3
18442,0.6125,-2.7825,0.3675,2.8727,-409.68,25.38,276.70,495.01,276.70,56.30,4.8750,18.37,55.38,9.7500,22.07,1,14.3
18542,0.3850,-0.2275,0.0700,0.4526,-409.68,24.16,277.31,495.29,277.31,56.48,4.8750,18.37,55.38,9.7500,22.07,1,14.3
18642,0.4375,-2.0125,-0.0350,2.0598,-409.55,24.77,277.06,495.09,277.06,163.90,4.8750,18.37,55.38,9.7500,22.07,1,14.3
18742,0.2800,2.1350,0.9275,2.3445,-410.04,25.25,269.86,491.53,269.86,193.35,4.8750,18.37,55.38,9.7500,22.07,1,14.3
18842,0.4725,1.1200,0.3325,1.2602,-411.38,25.38,271.08,493.32,271.08,46.88,4.8750,18.37,55.38,9.7500,22.07,1,14.3
18942,-0.1400,-0.3500,0.7700,0.8573,-409.19,25.86,278.89,495.87,278.89,166.70,4.8750,18.37,55.38,9.7500,22.07,1,14.3
19042,0.1225,1.2425,0.4200,1.3173,-409.31,26.35,279.38,496.27,279.38,46.68,4.8750,18.37,55.38,9.7500,22.07,1,14.3
19142,0.2625,1.1025,-0.8575,1.4212,-407.97,25.62,272.91,491.50,272.91,215.16,4.8750,18.37,55.38,9.7500,22.07,1,14.3
19242,-0.0525,0.7700,-0.5075,0.9237,-407.97,24.77,276.57,493.50,276.57,409.28,4.8750,18.37,55.38,9.7500,22.07,1,14.3
19342,0.6300,-0.5950,0.2100,0.8916,-408.46,25.86,276.82,494.10,276.82,52.48,4.8750,18.37,55.38,9.7500,22.07,1,14.3
19442,0.1925,-0.0875,-0.4725,0.5177,-406.87,24.16,278.40,493.59,278.40,293.50,4.8750,18.37,55.38,9.7500,22.07,1,14.3
19542,1.0850,2.3100,0.8050,2.6761,-407.36,26.35,278.40,494.11,278.40,49.20,4.8750,18.37,55.38,9.7500,22.07,1,14.3
19642,0.4725,-0.5425,-0.1750,0.7404,-406.87,26.23,282.43,495.98,282.43,20.57,4.8750,18.37,55.38,9.7500,22.07,1,14.3
19742,0.2450,-1.0500,-0.0175,1.0783,-406.75,26.35,278.53,493.68,278.53,42.70,4.8750,18.37,55.38,9.7500,22.07,1,14.3
19842,0.6475,0.2450,0.7700,1.0355,-406.26,24.64,279.99,494.01,279.99,0.01,4.8750,18.37,55.38,9.7500,22.07,1,14.3
19942,0.1400,-5.0575,0.2450,5.0654,-407.11,26.72,282.19,496.07,282.19,154.87,4.8750,18.37,55.38,9.7500,22.07,1,14.3
20042,0.5250,1.9425,0.1050,2.0149,-407.36,24.77,278.53,494.10,278.53,7.36,4.8750,18.37,55.38,9.7500,22.07,1,14.3
20142,0.2975,1.6975,-0.1400,1.7290,-405.04,24.89,277.31,491.50,277.31,560.57,4.8750,18.37,55.38,9.7500,22.07,1,14.3
20242,0.7875,-0.1225,0.1050,0.8039,-404.80,25.62,283.04,494.60,283.04,416.23,4.8750,18.37,55.38,9.7500,22.07,1,14.3
20342,0.0525,-4.6200,-0.4200,4.6393,-406.75,25.99,279.75,494.35,279.75,320.71,4.8750,18.37,55.38,9.7500,22.07,1,14.3
20442,-0.2450,0.9275,-0.7700,1.2301,-406.02,24.77,279.62,493.61,279.62,199.65,4.8750,18.37,55.38,9.7500,22.07,1,14.3
20542,0.9275,-0.5775,0.5950,1.2441,-406.02,26.11,284.63,496.53,284.63,145.43,4.4688,47.92,196.82,10.1562,55.81,0,12.5
20642,0.4200,-2.7300,0.7000,2.8494,-405.65,25.74,280.84,494.05,280.84,3.30,4.4688,47.92,196.82,10.1562,55.81,0,12.5
20742,-0.4200,-0.7000,-0.4900,0.9521,-406.02,23.55,278.77,493.07,278.77,48.44,4.4688,47.92,196.82,10.1562,55.81,0,12.5
20842,0.6825,-2.9050,-0.5950,3.0428,-404.67,24.77,284.75,495.43,284.75,179.90,4.4688,47.92,196.82,10.1562,55.81,0,12.5
20942,0.4375,0.9800,-0.2100,1.0936,-406.75,25.01,278.28,493.47,278.28,45.72,4.4688,47.92,196.82,10.1562,55.81,0,12.5
21042,0.3325,0.8750,-0.0875,0.9401,-405.53,25.25,282.31,494.76,282.31,69.86,4.4688,47.92,196.82,10.1562,55.81,0,12.5
21142,0.9450,-0.7350,0.0000,1.1972,-406.14,25.01,279.50,493.65,279.50,44.28,4.4688,47.92,196.82,10.1562,55.81,0,12.5
21242,0.1400,2.3100,0.0175,2.3143,-404.92,23.91,281.33,493.64,281.33,180.74,4.4688,47.92,196.82,10.1562,55.81,0,12.5
21342,1.2600,-0.0175,0.7350,1.4588,-406.26,22.20,274.87,491.01,274.87,497.77,4.4688,47.92,196.82,10.1562,55.81,0,12.5
21442,0.5950,-4.0775,-0.0350,4.1208,-405.41,25.74,279.26,492.95,279.26,126.13,4.4688,47.92,196.82,10.1562,55.81,0,12.5
21542,0.9800,1.4175,-0.1225,1.7276,-404.06,26.11,280.60,492.63,280.60,86.62,4.4688,47.92,196.82,10.1562,55.81,0,12.5
21642,0.5075,-0.1750,0.0175,0.5371,-403.94,26.23,283.41,494.14,283.41,17.07,4.4688,47.92,196.82,10.1562,55.81,0,12.5
21742,0.2100,0.7525,-0.1225,0.7908,-405.77,24.89,278.53,492.80,278.53,0.65,4.4688,47.92,196.82,10.1562,55.81,0,12.5
21842,0.5775,2.4150,-0.0525,2.4836,-405.89,25.74,283.04,495.50,283.04,113.07,4.4688,47.92,196.82,10.1562,55.81,0,12.5
21942,0.2100,-0.5250,0.1225,0.5786,-405.53,23.55,282.06,494.54,282.06,140.61,4.4688,47.92,196.82,10.1562,55.81,0,12.5
22042,0.5950,-0.1750,0.4550,0.7692,-405.16,25.25,281.70,494.11,281.70,94.06,4.4688,47.92,196.82,10.1562,55.81,0,12.5
22142,-0.2450,-0.7525,-0.3325,0.8584,-404.92,24.16,279.14,492.40,279.14,348.79,4.4688,47.92,196.82,10.1562,55.81,0,12.5
22242,-0.4900,-1.7675,-0.8575,2.0247,-405.16,23.42,286.21,496.61,286.21,193.77,4.4688,47.92,196.82,10.1562,55.81,0,12.5
22342,0.3325,-0.1925,0.1750,0.4222,-405.53,24.03,280.23,493.52,280.23,190.89,4.4688,47.92,196.82,10.1562,55.81,0,12.5
22442,0.1575,-1.0150,-0.3675,1.0909,-406.75,24.28,280.23,494.53,280.23,27.03,4.4688,47.92,196.82,10.1562,55.81,0,12.5
22542,-0.1225,-0.2800,-0.1225,0.3293,-405.16,24.03,281.94,494.19,281.94,73.95,4.4688,47.92,196.82,10.1562,55.81,0,12.5
22642,0.2100,0.7525,0.7350,1.0727,-405.16,25.25,283.89,495.37,283.89,208.00,4.4688,47.92,196.82,10.1562,55.81,0,12.5
22742,0.2450,0.0175,0.3850,0.4567,-406.63,26.23,278.04,493.29,278.04,113.09,4.4688,47.92,196.82,10.1562,55.81,0,12.5
22842,0.0350,-0.3325,-0.3675,0.4968,-404.55,23.67,281.45,493.40,281.45,39.37,4.4688,47.92,196.82,10.1562,55.81,0,12.5
22942,1.3300,-0.3325,0.7000,1.5393,-405.41,25.01,281.33,494.09,281.33,101.98,4.4688,47.92,196.82,10.1562,55.81,0,12.5
23042,0.4900,-1.6625,0.1050,1.7364,-404.31,23.91,286.46,496.08,286.46,93.12,4.4688,47.92,196.82,10.1562,55.81,0,12.5
23142,0.3850,1.2600,0.3325,1.3588,-405.65,25.74,278.89,492.95,278.89,27.75,3.6562,31.23,77.61,2.8438,42.80,0,11.1
23242,-0.1050,-1.4525,-0.2975,1.4864,-405.65,24.40,281.33,494.26,281.33,31.23,3.6562,31.23,77.61,2.8438,42.80,0,11.1
23342,0.6825,-1.7850,0.0175,1.9111,-405.41,24.28,281.21,493.99,281.21,78.20,3.6562,31.23,77.61,2.8438,42.80,0,11.1
23442,0.6825,0.5075,0.4900,0.9816,-406.26,24.64,279.75,493.87,279.75,92.05,3.6562,31.23,77.61,2.8438,42.80,0,11.1
23542,0.3325,0.0875,0.1575,0.3782,-406.99,25.99,283.41,496.63,283.41,296.16,3.6562,31.23,77.61,2.8438,42.80,0,11.1
23642,0.0525,-2.1700,0.2975,2.1909,-404.92,24.64,281.09,493.53,281.09,148.99,3.6562,31.23,77.61,2.8438,42.80,0,11.1
23742,0.8050,-0.9975,0.4900,1.3723,-404.67,26.84,285.97,496.25,285.97,342.66,3.6562,31.23,77.61,2.8438,42.80,0,11.1
23842,0.8575,-2.2925,0.6825,2.5410,-405.28,28.79,289.02,498.61,289.02,397.12,3.6562,31.23,77.61,2.8438,42.80,0,11.1
23942,0.4900,2.4325,0.1400,2.4853,-405.77,25.01,277.31,492.11,277.31,188.35,3.6562,31.23,77.61,2.8438,42.80,0,11.1
24042,0.5425,2.5025,0.1225,2.5636,-405.77,24.77,282.19,494.87,282.19,19.21,3.6562,31.23,77.61,2.8438,42.80,0,11.1
24142,0.3500,-3.4300,-0.1925,3.4532,-405.04,24.89,280.84,493.51,280.84,7.81,3.6562,31.23,77.61,2.8438,42.80,0,11.1
24242,1.1200,0.6475,0.6825,1.4627,-405.77,26.11,278.89,493.07,278.89,182.74,3.6562,31.23,77.61,2.8438,42.80,0,11.1
24342,0.5425,-1.5750,-0.2625,1.6864,-405.77,25.38,284.14,496.01,284.14,106.12,3.6562,31.23,77.61,2.8438,42.80,0,11.1
24442,0.4550,-0.0175,0.0875,0.4637,-405.53,25.01,283.28,495.31,283.28,17.28,3.6562,31.23,77.61,2.8438,42.80,0,11.1
24542,0.2100,-0.9625,0.0000,0.9851,-404.06,26.11,286.09,495.78,286.09,126.90,3.6562,31.23,77.61,2.8438,42.80,0,11.1
24642,0.3850,-0.1750,0.2450,0.4887,-404.67,25.01,282.31,494.05,282.31,71.41,3.6562,31.23,77.61,2.8438,42.80,0,11.1
24742,0.4900,2.7300,0.1400,2.7772,-404.43,23.06,278.65,491.67,278.65,337.98,3.6562,31.23,77.61,2.8438,42.80,0,11.1
24842,0.2975,0.2275,0.2100,0.4294,-405.41,24.89,279.62,493.12,279.62,216.77,3.6562,31.23,77.61,2.8438,42.80,0,11.1
24942,0.4900,-6.7375,0.4025,6.7673,-404.55,25.86,285.72,495.95,285.72,322.16,3.6562,31.23,77.61,2.8438,42.80,0,11.1
25042,0.2975,-0.3850,0.7175,0.8669,-404.80,25.01,282.19,494.08,282.19,18.05,3.6562,31.23,77.61,2.8438,42.80,0,11.1
25142,0.8050,-1.4175,-0.0350,1.6305,-404.55,25.74,283.65,494.75,283.65,61.15,3.6562,31.23,77.61,2.8438,42.80,0,11.1
25242,0.5425,-6.0200,0.3850,6.0566,-404.19,22.45,284.50,494.79,284.50,286.54,3.6562,31.23,77.61,2.8438,42.80,0,11.1
25342,0.1575,0.0875,0.0175,0.1810,-404.31,25.62,283.53,494.48,283.53,40.71,3.6562,31.23,77.61,2.8438,42.80,0,11.1
25442,0.5250,3.0800,-0.1750,3.1293,-404.92,23.91,285.24,495.87,285.24,72.43,3.6562,31.23,77.61,2.8438,42.80,0,11.1
25542,0.2625,-1.0150,0.0700,1.0507,-405.65,25.01,278.89,492.91,278.89,1.23,3.6562,31.23,77.61,2.8438,42.80,0,11.1
25644,0.4900,0.0875,0.2275,0.5473,-404.67,26.72,281.21,493.51,281.21,97.44,5.6875,27.98,107.07,5.6875,27.98,0,10.0
25742,0.2625,-0.0350,0.2100,0.3380,-404.43,23.67,283.28,494.34,283.28,125.04,5.6875,27.98,107.07,5.6875,27.98,0,10.0
25842,0.3150,1.9950,0.0700,2.0209,-404.80,25.62,279.14,492.37,279.14,345.41,5.6875,27.98,107.07,5.6875,27.98,0,10.0
25942,0.2800,-2.1525,-0.1400,2.1751,-404.92,24.40,282.31,494.22,282.31,86.63,5.6875,27.98,107.07,5.6875,27.98,0,10.0
26042,0.2625,-2.8525,-0.2100,2.8722,-404.55,24.16,279.50,492.31,279.50,32.17,5.6875,27.98,107.07,5.6875,27.98,0,10.0
26142,0.9100,0.1050,0.5600,1.0737,-404.19,23.91,280.84,492.76,280.84,110.26,5.6875,27.98,107.07,5.6875,27.98,0,10.0
26242,0.0525,-0.7700,0.0350,0.7726,-405.65,24.28,277.31,491.98,277.31,127.23,5.6875,27.98,107.07,5.6875,27.98,0,10.0
26342,0.5775,-2.2050,0.0700,2.2804,-403.58,24.52,282.67,493.34,282.67,29.07,5.6875,27.98,107.07,5.6875,27.98,0,10.0
26442,0.7175,-3.5525,0.0525,3.6246,-406.26,25.50,281.09,494.68,281.09,195.56,5.6875,27.98,107.07,5.6875,27.98,0,10.0
26542,0.3325,-2.9050,0.4375,2.9565,-405.04,25.74,286.09,496.56,286.09,413.21,5.6875,27.98,107.07,5.6875,27.98,0,10.0
26642,0.1400,-1.2425,0.1400,1.2582,-405.53,24.28,282.43,494.78,282.43,148.63,5.6875,27.98,107.07,5.6875,27.98,0,10.0
26742,0.6825,-0.6650,0.3150,1.0036,-403.94,26.11,286.46,495.89,286.46,155.18,5.6875,27.98,107.07,5.6875,27.98,0,10.0
26842,0.1225,0.5250,-0.7700,0.9400,-404.92,25.13,285.11,495.86,285.11,56.99,5.6875,27.98,107.07,5.6875,27.98,0,10.0
26942,0.3850,-1.8375,0.7350,2.0161,-405.28,25.62,283.41,495.21,283.41,72.60,5.6875,27.98,107.07,5.6875,27.98,0,10.0
27042,0.0525,0.2275,0.3325,0.4063,-405.28,26.47,282.06,494.49,282.06,90.88,5.6875,27.98,107.07,5.6875,27.98,0,10.0
27142,-0.4550,2.2750,-0.6650,2.4135,-404.06,25.01,282.92,493.90,282.92,185.92,5.6875,27.98,107.07,5.6875,27.98,0,10.0
27242,0.4200,0.4375,0.0700,0.6105,-404.19,22.69,280.48,492.49,280.48,232.97,5.6875,27.98,107.07,5.6875,27.98,0,10.0
27342,0.2975,-0.8225,0.1400,0.8858,-405.41,23.79,284.50,495.85,284.50,100.50,5.6875,27.98,107.07,5.6875,27.98,0,10.0
27442,0.2975,-2.3975,-0.1050,2.4182,-404.43,24.28,284.99,495.35,284.99,205.64,5.6875,27.98,107.07,5.6875,27.98,0,10.0
27542,-0.0350,-4.6725,0.2450,4.6790,-404.43,25.50,289.75,498.17,289.75,483.44,5.6875,27.98,107.07,5.6875,27.98,0,10.0
27642,0.8050,-1.3300,0.5600,1.6524,-404.55,27.57,283.53,494.78,283.53,28.88,5.6875,27.98,107.07,5.6875,27.98,0,10.0
27742,0.2100,0.5775,0.2975,0.6827,-404.67,25.99,282.67,494.31,282.67,174.30,5.6875,27.98,107.07,5.6875,27.98,0,10.0
27842,0.1400,0.6825,0.4725,0.8418,-404.67,25.74,283.77,494.92,283.77,79.06,5.6875,27.98,107.07,5.6875,27.98,0,10.0
27942,0.3150,-0.9975,-0.2800,1.0829,-404.31,23.18,285.24,495.34,285.24,136.11,5.6875,27.98,107.07,5.6875,27.98,0,10.0
28042,0.8400,-3.7800,0.6825,3.9319,-405.89,26.96,284.99,496.69,284.99,160.03,5.6875,27.98,107.07,5.6875,27.98,0,10.0
28142,0.6825,-1.8725,0.1225,1.9968,-405.28,26.23,283.16,495.10,283.16,17.45,5.6875,27.98,107.07,5.6875,27.98,0,10.0
28242,0.6300,0.1925,0.3150,0.7302,-405.04,25.99,281.21,493.77,281.21,186.00,3.6562,16.05,69.83,1.2188,21.16,0,9.1
28342,-0.2975,-2.8525,-0.2800,2.8816,-404.92,26.11,280.72,493.40,280.72,6.26,3.6562,16.05,69.83,1.2188,21.16,0,9.1
28442,1.1725,4.9175,0.6650,5.0989,-405.16,24.28,284.14,495.46,284.14,189.57,3.6562,16.05,69.83,1.2188,21.16,0,9.1
28542,0.4375,-0.6650,-0.1575,0.8114,-404.43,25.13,286.09,496.03,286.09,78.76,3.6562,16.05,69.83,1.2188,21.16,0,9.1
28642,-0.4200,-3.7975,-0.4200,3.8437,-405.41,23.18,281.45,494.07,281.45,25.22,3.6562,16.05,69.83,1.2188,21.16,0,9.1
28742,0.5425,2.0650,0.4725,2.1867,-405.53,24.03,280.36,493.59,280.36,65.98,3.6562,16.05,69.83,1.2188,21.16,0,9.1
28842,0.8225,-3.5350,0.4900,3.6624,-406.50,25.99,279.01,493.73,279.01,235.73,3.6562,16.05,69.83,1.2188,21.16,0,9.1
28942,0.5075,1.6275,-0.1225,1.7092,-405.89,24.40,282.92,495.37,282.92,50.60,3.6562,16.05,69.83,1.2188,21.16,0,9.1
29042,1.0325,0.1925,0.6650,1.2431,-405.41,24.03,280.60,493.63,280.60,38.26,3.6562,16.05,69.83,1.2188,21.16,0,9.1
29142,0.8575,-4.5850,0.2800,4.6729,-404.06,25.13,285.36,495.31,285.36,278.07,3.6562,16.05,69.83,1.2188,21.16,0,9.1
29242,0.3325,0.5250,-0.0525,0.6236,-404.92,25.74,279.01,492.41,279.01,180.20,3.6562,16.05,69.83,1.2188,21.16,0,9.1
29342,0.5250,1.3650,0.5075,1.5480,-404.55,25.62,282.92,494.33,282.92,43.97,3.6562,16.05,69.83,1.2188,21.16,0,9.1
29442,0.5075,-0.5075,0.2100,0.7478,-404.80,25.86,279.14,492.39,279.14,182.28,3.6562,16.05,69.83,1.2188,21.16,0,9.1
29542,0.4025,-2.0650,0.4375,2.1489,-405.65,24.77,273.16,489.67,273.16,187.70,3.6562,16.05,69.83,1.2188,21.16,0,9.1
29642,0.4900,0.7350,0.4200,0.9781,-406.38,25.62,275.96,491.89,275.96,50.20,3.6562,16.05,69.83,1.2188,21.16,0,9.1
29742,1.2775,2.0125,0.7700,2.5050,-406.02,25.25,278.65,493.08,278.65,17.03,3.6562,16.05,69.83,1.2188,21.16,0,9.1
29842,1.9950,1.1725,0.0875,2.3157,-406.50,25.50,279.50,493.98,279.50,99.71,3.6562,16.05,69.83,1.2188,21.16,0,9.1
29942,0.2275,-2.1175,-0.5425,2.1977,-405.16,25.25,284.50,495.72,284.50,5.54,3.6562,16.05,69.83,1.2188,21.16,0,9.1
30042,0.3325,0.5250,0.7700,0.9895,-405.04,26.84,279.75,492.99,279.75,199.13,3.6562,16.05,69.83,1.2188,21.16,0,9.1
30142,-0.0525,-0.9625,-0.1225,0.9717,-405.41,25.01,283.41,495.28,283.41,52.03,3.6562,16.05,69.83,1.2188,21.16,0,9.1
30242,-0.0525,-0.8750,-0.1225,0.8851,-406.14,25.38,278.28,492.98,278.28,190.87,3.6562,16.05,69.83,1.2188,21.16,0,9.1
30342,0.3675,0.1925,0.5075,0.6555,-404.80,26.47,281.58,493.81,281.58,63.57,3.6562,16.05,69.83,1.2188,21.16,0,9.1
30442,0.1925,0.8225,0.0525,0.8464,-405.41,26.47,284.63,496.05,284.63,95.47,3.6562,16.05,69.83,1.2188,21.16,0,9.1
30542,0.6125,2.0650,0.1225,2.1574,-405.41,26.23,282.06,494.57,282.06,4.39,3.6562,16.05,69.83,1.2188,21.16,0,9.1
30642,0.0875,-0.6125,0.1575,0.6385,-408.09,25.50,274.74,492.62,274.74,31.05,3.6562,16.05,69.83,1.2188,21.16,0,9.1
30742,0.7525,-0.8925,0.1225,1.1738,-405.89,26.96,281.45,494.66,281.45,82.78,3.6562,16.05,69.83,1.2188,21.16,0,9.1
30842,0.6650,-0.8575,0.4025,1.1574,-407.60,27.08,278.89,494.62,278.89,53.70,5.6875,22.43,83.40,2.8438,37.26,0,8.3
30942,0.7350,-2.0825,0.5250,2.2699,-405.89,26.47,283.04,495.54,283.04,24.11,5.6875,22.43,83.40,2.8438,37.26,0,8.3
31042,0.0700,2.8000,-0.0700,2.8017,-406.14,26.96,279.62,493.83,279.62,320.69,5.6875,22.43,83.40,2.8438,37.26,0,8.3
31142,0.2800,-1.3300,-0.1225,1.3647,-406.26,26.11,282.31,495.41,282.31,129.08,5.6875,22.43,83.40,2.8438,37.26,0,8.3
31242,0.4550,-0.6475,-0.0700,0.7945,-406.14,26.23,280.36,494.20,280.36,279.08,5.6875,22.43,83.40,2.8438,37.26,0,8.3
31342,0.1925,-3.6925,0.1225,3.6995,-406.87,25.50,282.43,495.94,282.43,253.23,5.6875,22.43,83.40,2.8438,37.26,0,8.3
31442,0.7875,-1.3125,0.1400,1.5370,-406.02,25.62,280.11,493.93,280.11,189.87,5.6875,22.43,83.40,2.8438,37.26,0,8.3
31542,0.4375,-3.0625,0.0875,3.0948,-406.38,25.86,283.89,496.40,283.89,210.92,5.6875,22.43,83.40,2.8438,37.26,0,8.3
31642,0.2975,-1.8200,0.3325,1.8739,-405.89,25.62,281.94,494.87,281.94,134.06,5.6875,22.43,83.40,2.8438,37.26,0,8.3
31742,0.2800,-5.3725,0.3150,5.3890,-405.89,23.06,280.60,493.98,280.60,16.47,5.6875,22.43,83.40,2.8438,37.26,0,8.3
31842,0.7875,-3.2900,1.2425,3.6039,-406.75,26.72,282.67,496.05,282.67,267.42,5.6875,22.43,83.40,2.8438,37.26,0,8.3
31942,0.9275,0.9975,0.4725,1.4417,-405.77,25.25,282.19,494.89,282.19,19.61,5.6875,22.43,83.40,2.8438,37.26,0,8.3
32042,0.3150,0.4200,-0.3325,0.6214,-404.19,24.89,282.92,493.99,282.92,214.03,5.6875,22.43,83.40,2.8438,37.26,0,8.3
32142,-0.0525,-4.1125,-0.1925,4.1173,-404.80,24.77,284.99,495.67,284.99,134.33,5.6875,22.43,83.40,2.8438,37.26,0,8.3
32242,0.4900,-2.0650,0.4550,2.1706,-405.65,25.62,280.36,493.77,280.36,149.47,5.6875,22.43,83.40,2.8438,37.26,0,8.3
32342,1.2075,-1.0675,0.1750,1.6212,-405.77,27.94,282.67,495.31,282.67,119.27,5.6875,22.43,83.40,2.8438,37.26,0,8.3
32442,0.6650,-1.1200,0.7875,1.5221,-404.92,26.96,288.29,497.79,288.29,264.67,5.6875,22.43,83.40,2.8438,37.26,0,8.3
32542,-0.2450,-0.2800,-0.1575,0.4040,-404.67,24.28,279.62,492.48,279.62,372.90,5.6875,22.43,83.40,2.8438,37.26,0,8.3
32642,0.8400,-0.7175,0.5425,1.2307,-404.31,26.23,286.70,496.34,286.70,182.92,5.6875,22.43,83.40,2.8438,37.26,0,8.3
32742,0.6825,1.0150,0.0875,1.2262,-405.16,25.01,280.11,493.20,280.11,175.10,5.6875,22.43,83.40,2.8438,37.26,0,8.3
32842,0.4025,-0.4025,0.1750,0.5955,-404.67,25.74,283.89,494.99,283.89,50.49,5.6875,22.43,83.40,2.8438,37.26,0,8.3
32942,0.5250,0.1225,0.3325,0.6334,-405.16,25.50,282.19,494.40,282.19,82.44,5.6875,22.43,83.40,2.8438,37.26,0,8.3
33042,0.4375,1.7325,0.0700,1.7883,-406.26,25.74,280.11,494.14,280.11,120.68,5.6875,22.43,83.40,2.8438,37.26,0,8.3
33142,0.2975,0.9100,-0.0175,0.9576,-405.28,24.77,279.62,493.01,279.62,73.22,5.6875,22.43,83.40,2.8438,37.26,0,8.3
33242,0.7350,-1.5925,0.4550,1.8120,-405.89,25.13,282.43,495.12,282.43,118.01,5.6875,22.43,83.40,2.8438,37.26,0,8.3
33342,0.1925,-2.6775,0.0700,2.6853,-406.87,24.77,278.53,493.69,278.53,99.19,4.4688,37.12,143.48,4.4688,37.12,0,7.7
33442,0.5950,0.0175,0.2975,0.6655,-406.87,24.03,278.65,493.73,278.65,51.43,4.4688,37.12,143.48,4.4688,37.12,0,7.7
33542,0.4725,-2.0300,0.1575,2.0902,-406.75,27.57,283.53,496.58,283.53,308.74,4.4688,37.12,143.48,4.4688,37.12,0,7.7
33642,0.6475,1.4350,0.6650,1.7090,-406.63,26.35,280.60,494.75,280.60,21.87,4.4688,37.12,143.48,4.4688,37.12,0,7.7
33742,0.3150,-0.4725,-0.1050,0.5775,-406.02,24.52,281.70,494.78,281.70,117.44,4.4688,37.12,143.48,4.4688,37.12,0,7.7
33842,0.4550,-2.0475,-0.0175,2.0975,-406.38,25.74,284.14,496.53,284.14,290.72,4.4688,37.12,143.48,4.4688,37.12,0,7.7
33942,0.7350,1.6450,0.8575,1.9954,-405.65,25.50,281.33,494.32,281.33,14.46,4.4688,37.12,143.48,4.4688,37.12,0,7.7
34042,0.6825,-0.5250,0.4725,0.9822,-405.53,27.08,283.28,495.42,283.28,224.92,4.4688,37.12,143.48,4.4688,37.12,0,7.7
34142,0.1050,-2.5200,-0.2625,2.5358,-406.02,25.13,280.11,493.91,280.11,146.24,4.4688,37.12,143.48,4.4688,37.12,0,7.7
34242,0.1575,1.5925,0.3150,1.6310,-406.75,25.99,276.82,492.69,276.82,181.47,4.4688,37.12,143.48,4.4688,37.12,0,7.7
34342,0.2975,-0.4900,0.2975,0.6458,-405.65,25.13,279.62,493.33,279.62,18.20,4.4688,37.12,143.48,4.4688,37.12,0,7.7
34442,0.4900,-2.1875,0.1925,2.2500,-406.87,25.86,282.43,495.96,282.43,146.62,4.4688,37.12,143.48,4.4688,37.12,0,7.7
34542,0.6650,0.3850,0.2975,0.8240,-406.26,25.62,280.84,494.55,280.84,81.34,4.4688,37.12,143.48,4.4688,37.12,0,7.7
34642,-0.3850,0.4025,-0.6650,0.8674,-406.38,24.64,281.21,494.81,281.21,98.53,4.4688,37.12,143.48,4.4688,37.12,0,7.7
34742,0.4550,1.4875,0.0875,1.5580,-405.04,24.52,280.36,493.21,280.36,64.95,4.4688,37.12,143.48,4.4688,37.12,0,7.7
34842,0.8750,-1.4000,0.1225,1.6555,-406.02,25.74,285.97,497.28,285.97,173.37,4.4688,37.12,143.48,4.4688,37.12,0,7.7
34942,-0.0875,-1.2425,-0.1400,1.2534,-406.75,25.25,277.67,493.14,277.67,166.66,4.4688,37.12,143.48,4.4688,37.12,0,7.7
35042,0.5950,1.2250,0.3850,1.4152,-406.75,27.21,281.70,495.52,281.70,139.75,4.4688,37.12,143.48,4.4688,37.12,0,7.7
35142,0.5950,-0.5600,-0.0525,0.8188,-406.99,26.47,283.77,496.86,283.77,62.92,4.4688,37.12,143.48,4.4688,37.12,0,7.7
35242,0.6300,1.4000,0.1225,1.5401,-405.89,24.40,281.58,494.60,281.58,312.94,4.4688,37.12,143.48,4.4688,37.12,0,7.7
35342,0.0350,-2.1700,0.0875,2.1720,-405.89,25.74,279.14,493.28,279.14,34.68,4.4688,37.12,143.48,4.4688,37.12,0,7.7
35442,0.7875,0.7175,0.1575,1.0769,-406.63,26.60,281.82,495.45,281.82,66.96,4.4688,37.12,143.48,4.4688,37.12,0,7.7
35542,0.3500,-0.6300,0.1225,0.7310,-407.60,26.11,281.09,495.81,281.09,178.83,4.4688,37.12,143.48,4.4688,37.12,0,7.7
35642,0.2625,1.5575,-0.0175,1.5796,-406.02,26.11,282.43,495.27,282.43,98.51,4.4688,37.12,143.48,4.4688,37.12,0,7.7
35742,0.4375,-0.3325,0.3500,0.6515,-406.75,26.47,282.43,495.89,282.43,146.10,4.4688,37.12,143.48,4.4688,37.12,0,7.7
35842,0.3325,-2.3100,0.2800,2.3505,-406.99,25.01,280.36,494.84,280.36,229.23,4.4688,37.12,143.48,4.4688,37.12,0,7.7
35942,0.2275,-0.1400,-0.0525,0.2722,-407.11,26.35,280.48,495.08,280.48,30.11,4.0625,16.03,49.73,7.7188,24.72,0,7.1
36042,0.5600,-0.5425,-0.2625,0.8227,-406.26,25.01,277.67,492.72,277.67,286.43,4.0625,16.03,49.73,7.7188,24.72,0,7.1
36142,0.5425,-1.1200,0.0875,1.2475,-406.14,26.11,280.11,494.06,280.11,54.64,4.0625,16.03,49.73,7.7188,24.72,0,7.1
36242,0.4375,-4.1825,0.5250,4.2380,-406.14,25.50,279.26,493.54,279.26,22.58,4.0625,16.03,49.73,7.7188,24.72,0,7.1
36342,-0.0875,-0.5600,-0.1925,0.5986,-406.26,25.38,282.43,495.44,282.43,149.85,4.0625,16.03,49.73,7.7188,24.72,0,7.1
36442,0.2625,0.4375,-0.0875,0.5177,-405.89,24.77,281.58,494.62,281.58,42.90,4.0625,16.03,49.73,7.7188,24.72,0,7.1
36542,0.5075,-3.1150,0.2975,3.1701,-407.11,24.89,282.06,495.90,282.06,169.72,4.0625,16.03,49.73,7.7188,24.72,0,7.1
36642,0.2100,-4.1650,-0.0875,4.1712,-407.48,25.99,284.50,497.65,284.50,288.68,4.0625,16.03,49.73,7.7188,24.72,0,7.1
36742,0.2100,-0.4025,-0.2100,0.5002,-407.11,24.89,275.84,492.39,275.84,232.95,4.0625,16.03,49.73,7.7188,24.72,0,7.1
36842,0.5250,-0.2975,-0.1050,0.6125,-406.50,24.77,281.09,494.84,281.09,8.07,4.0625,16.03,49.73,7.7188,24.72,0,7.1
36942,0.3675,-0.8575,0.1575,0.9461,-406.26,24.89,281.45,494.86,281.45,61.07,4.0625,16.03,49.73,7.7188,24.72,0,7.1
37042,0.7700,-2.1525,0.5950,2.3622,-407.48,25.38,276.82,493.27,276.82,128.55,4.0625,16.03,49.73,7.7188,24.72,0,7.1
37142,0.5950,-0.9275,0.0000,1.1019,-406.50,24.77,279.87,494.15,279.87,3.13,4.0625,16.03,49.73,7.7188,24.72,0,7.1
37242,0.4550,0.9275,0.3850,1.1025,-406.38,25.01,280.36,494.34,280.36,24.14,4.0625,16.03,49.73,7.7188,24.72,0,7.1
37342,0.2275,-0.6650,0.1225,0.7134,-406.02,24.40,281.33,494.56,281.33,34.21,4.0625,16.03,49.73,7.7188,24.72,0,7.1
37442,0.0875,-0.9625,-0.1925,0.9855,-406.38,25.38,280.11,494.22,280.11,66.52,4.0625,16.03,49.73,7.7188,24.72,0,7.1
37542,0.3325,1.9775,-0.2625,2.0224,-405.65,24.64,277.31,491.99,277.31,304.26,4.0625,16.03,49.73,7.7188,24.72,0,7.1
37642,0.5775,-2.1350,-0.2450,2.2253,-406.02,26.23,289.02,499.07,289.02,498.12,4.0625,16.03,49.73,7.7188,24.72,0,7.1
37742,-0.0875,-2.1175,-0.0875,2.1211,-406.14,24.89,277.67,492.61,277.67,292.15,4.0625,16.03,49.73,7.7188,24.72,0,7.1
37842,0.6650,2.2050,0.3150,2.3245,-407.60,25.99,273.52,491.56,273.52,89.36,4.0625,16.03,49.73,7.7188,24.72,0,7.1
37942,0.2100,1.8025,0.1750,1.8231,-405.41,22.94,280.72,493.64,280.72,327.29,4.0625,16.03,49.73,7.7188,24.72,0,7.1
38042,0.1400,-1.2075,0.0875,1.2187,-405.89,24.77,280.11,493.79,280.11,44.64,4.0625,16.03,49.73,7.7188,24.72,0,7.1
38142,0.2975,1.0500,-0.0175,1.0915,-406.63,24.52,278.40,493.41,278.40,176.36,4.0625,16.03,49.73,7.7188,24.72,0,7.1
38242,0.6300,1.9250,0.3500,2.0555,-407.36,25.13,280.60,495.29,280.60,126.10,4.0625,16.03,49.73,7.7188,24.72,0,7.1
38342,0.7000,1.4350,0.4200,1.6509,-408.21,24.28,281.21,496.29,281.21,187.09,4.0625,16.03,49.73,7.7188,24.72,0,7.1
38444,0.0700,-4.1475,0.1925,4.1526,-407.24,25.74,280.36,495.08,280.36,103.40,4.8750,18.79,68.75,1.6250,36.26,0,6.7
38542,-0.1400,-2.0475,-0.1750,2.0597,-406.99,26.60,282.67,496.24,282.67,77.14,4.8750,18.79,68.75,1.6250,36.26,0,6.7
38642,0.4375,-0.0700,0.3325,0.5540,-407.60,27.45,282.92,496.93,282.92,177.47,4.8750,18.79,68.75,1.6250,36.26,0,6.7
38742,0.1575,-2.5725,0.0525,2.5779,-407.11,25.38,278.28,493.79,278.28,45.97,4.8750,18.79,68.75,1.6250,36.26,0,6.7
38842,0.7000,-1.6450,0.8050,1.9606,-406.50,25.86,281.09,494.90,281.09,100.05,4.8750,18.79,68.75,1.6250,36.26,0,6.7
38942,0.3675,-1.2950,0.4200,1.4101,-405.28,26.96,281.82,494.37,281.82,223.77,4.8750,18.79,68.75,1.6250,36.26,0,6.7
39042,0.1225,0.0175,0.3675,0.3878,-406.14,26.11,277.79,492.75,277.79,189.32,4.8750,18.79,68.75,1.6250,36.26,0,6.7
39142,0.1925,-2.1175,0.0000,2.1262,-406.99,25.74,280.60,495.02,280.60,113.53,4.8750,18.79,68.75,1.6250,36.26,0,6.7
39242,0.2275,0.6475,0.5075,0.8536,-405.16,25.13,282.19,494.39,282.19,170.04,4.8750,18.79,68.75,1.6250,36.26,0,6.7
39342,0.1225,-1.4000,-0.5425,1.5064,-407.11,25.13,279.99,494.74,279.99,65.99,4.8750,18.79,68.75,1.6250,36.26,0,6.7
39442,0.0000,1.4700,-0.4725,1.5441,-406.99,24.64,276.94,492.90,276.94,397.30,4.8750,18.79,68.75,1.6250,36.26,0,6.7
39542,0.2100,-0.4900,0.1225,0.5470,-406.26,25.74,279.75,493.93,279.75,104.77,4.8750,18.79,68.75,1.6250,36.26,0,6.7
39642,0.5075,1.4700,0.3675,1.5980,-407.36,25.01,280.84,495.42,280.84,96.62,4.8750,18.79,68.75,1.6250,36.26,0,6.7
39742,0.3150,-2.0300,-0.1925,2.0633,-406.14,25.13,281.94,495.05,281.94,142.36,4.8750,18.79,68.75,1.6250,36.26,0,6.7
39842,0.1575,-0.9800,0.0700,0.9950,-408.09,25.25,277.18,493.97,277.18,38.86,4.8750,18.79,68.75,1.6250,36.26,0,6.7
39942,-0.1750,1.2600,0.0700,1.2740,-407.72,24.28,275.72,492.80,275.72,72.91,4.8750,18.79,68.75,1.6250,36.26,0,6.7
40042,0.8400,5.0750,0.3150,5.1537,-406.99,24.52,279.62,494.40,279.62,183.23,4.8750,18.79,68.75,1.6250,36.26,0,6.7
40142,0.9275,-6.1950,-0.0350,6.2641,-407.36,25.01,279.62,494.73,279.62,175.76,4.8750,18.79,68.75,1.6250,36.26,0,6.7
40242,0.3325,-2.1700,0.1575,2.2010,-407.60,25.62,276.57,493.24,276.57,131.09,4.8750,18.79,68.75,1.6250,36.26,0,6.7
40342,0.2625,2.8000,0.5775,2.8710,-407.60,24.28,280.72,495.51,280.72,21.52,4.8750,18.79,68.75,1.6250,36.26,0,6.7
40442,1.8725,-5.8275,0.0350,6.1210,-407.72,25.86,280.11,495.35,280.11,122.96,4.8750,18.79,68.75,1.6250,36.26,0,6.7
40542,0.5600,-1.1375,1.2775,1.7999,-411.14,27.45,272.43,493.97,272.43,165.49,4.8750,18.79,68.75,1.6250,36.26,0,6.7
40642,0.3325,-4.5500,0.5075,4.5903,-406.63,25.99,279.87,494.31,279.87,83.69,4.8750,18.79,68.75,1.6250,36.26,0,6.7
40742,0.1925,-0.3325,-0.1400,0.4089,-405.53,25.01,284.14,495.80,284.14,19.38,4.8750,18.79,68.75,1.6250,36.26,0,6.7
40842,0.2800,-0.9450,0.0175,0.9858,-405.41,24.64,281.21,494.00,281.21,108.34,4.8750,18.79,68.75,1.6250,36.26,0,6.7
40942,0.1750,-5.6525,0.1750,5.6579,-404.55,24.89,284.02,494.92,284.02,194.39,4.8750,18.79,68.75,1.6250,36.26,0,6.7
41042,0.4375,-0.6650,0.6650,1.0372,-406.99,29.16,283.04,496.59,283.04,261.42,4.0625,26.69,81.03,0.4062,75.44,0,6.2
41142,0.4725,-1.9775,-0.1400,2.0380,-405.41,25.25,278.65,492.58,278.65,112.42,4.0625,26.69,81.03,0.4062,75.44,0,6.2
41242,0.5075,0.5425,0.4900,0.8899,-405.53,25.86,287.19,497.59,287.19,148.01,4.0625,26.69,81.03,0.4062,75.44,0,6.2
41342,0.8225,0.0000,0.6650,1.0577,-407.48,26.72,279.50,494.85,279.50,238.34,4.0625,26.69,81.03,0.4062,75.44,0,6.2
41442,-0.0350,0.4725,-0.4200,0.6332,-405.04,26.60,281.45,493.94,281.45,320.52,4.0625,26.69,81.03,0.4062,75.44,0,6.2
41542,-0.3150,-2.5900,-0.9100,2.7632,-405.41,23.67,282.43,494.65,282.43,139.34,4.0625,26.69,81.03,0.4062,75.44,0,6.2
41642,0.1225,-1.4175,-0.4200,1.4835,-405.16,24.40,280.36,493.31,280.36,148.87,4.0625,26.69,81.03,0.4062,75.44,0,6.2
41742,0.1575,-0.6300,0.1925,0.6773,-405.89,27.08,282.92,495.51,282.92,145.81,4.0625,26.69,81.03,0.4062,75.44,0,6.2
41842,-0.1400,0.2450,-0.0175,0.2827,-405.65,25.74,284.02,495.86,284.02,52.41,4.0625,26.69,81.03,0.4062,75.44,0,6.2
41942,0.5075,-1.5575,0.0700,1.6396,-406.02,25.62,280.84,494.35,280.84,11.39,4.0625,26.69,81.03,0.4062,75.44,0,6.2
42042,1.0675,0.0350,0.6650,1.2582,-405.28,28.79,282.55,494.89,282.55,49.41,4.0625,26.69,81.03,0.4062,75.44,0,6.2
42142,0.2625,-3.3600,0.3850,3.3922,-405.77,24.64,280.84,494.10,280.84,169.69,4.0625,26.69,81.03,0.4062,75.44,0,6.2
42242,1.3825,-0.6650,1.1375,1.9098,-406.75,25.86,279.75,494.34,279.75,221.30,4.0625,26.69,81.03,0.4062,75.44,0,6.2
42342,0.4025,-1.5225,0.1750,1.5845,-404.80,25.50,287.55,497.19,287.55,92.96,4.0625,26.69,81.03,0.4062,75.44,0,6.2
42442,0.4550,-0.1050,0.6125,0.7702,-405.53,27.08,280.97,494.09,280.97,42.54,4.0625,26.69,81.03,0.4062,75.44,0,6.2
42542,0.2625,-0.4550,-0.2100,0.5657,-405.89,25.01,280.48,494.01,280.48,51.19,4.0625,26.69,81.03,0.4062,75.44,0,6.2
42642,0.2975,1.6800,-0.3150,1.7350,-406.50,25.99,280.11,494.35,280.11,68.64,4.0625,26.69,81.03,0.4062,75.44,0,6.2
42742,0.0700,-0.9800,-0.1400,0.9924,-405.16,24.89,282.31,494.44,282.31,7.78,4.0625,26.69,81.03,0.4062,75.44,0,6.2
42842,0.4200,-0.2625,0.3500,0.6065,-405.41,25.62,281.21,494.05,281.21,27.92,4.0625,26.69,81.03,0.4062,75.44,0,6.2
42942,0.0175,-1.1200,-0.0525,1.1214,-405.89,25.62,278.65,493.00,278.65,83.62,4.0625,26.69,81.03,0.4062,75.44,0,6.2
43042,0.6650,0.6650,0.4200,1.0300,-406.02,25.99,278.89,493.26,278.89,140.56,4.0625,26.69,81.03,0.4062,75.44,0,6.2
43142,0.5775,0.4200,0.4200,0.8284,-405.04,27.33,282.80,494.75,282.80,119.42,4.0625,26.69,81.03,0.4062,75.44,0,6.2
43242,0.5950,-0.6125,-0.1050,0.8604,-405.04,25.86,284.14,495.44,284.14,81.25,4.0625,26.69,81.03,0.4062,75.44,0,6.2
43342,0.1050,-1.8200,-0.1750,1.8314,-406.38,26.60,279.75,494.08,279.75,37.45,4.0625,26.69,81.03,0.4062,75.44,0,6.2
43442,0.1050,0.8400,0.0175,0.8467,-406.38,26.60,282.31,495.53,282.31,115.08,4.0625,26.69,81.03,0.4062,75.44,0,6.2
43542,0.4550,-1.4175,0.0700,1.4904,-406.50,25.25,280.84,494.73,280.84,128.72,4.0625,26.69,81.03,0.4062,75.44,0,6.2
43642,0.1925,-0.1750,0.4725,0.5394,-407.11,26.84,279.62,494.62,279.62,113.37,4.8750,17.92,70.16,1.2188,24.75,0,5.9
43742,0.3500,-0.1400,0.1050,0.3913,-406.02,24.89,279.01,493.27,279.01,47.94,4.8750,17.92,70.16,1.2188,24.75,0,5.9
43842,0.8225,0.5425,0.2975,1.0292,-407.11,25.86,282.31,496.09,282.31,49.19,4.8750,17.92,70.16,1.2188,24.75,0,5.9
43942,0.3850,-1.3475,-0.2100,1.4171,-405.77,27.33,284.50,496.33,284.50,86.21,4.8750,17.92,70.16,1.2188,24.75,0,5.9
44042,0.4025,-0.0875,-0.0525,0.4152,-405.28,25.13,277.92,492.06,277.92,492.96,4.8750,17.92,70.16,1.2188,24.75,0,5.9
44142,0.2975,0.3325,0.1575,0.4731,-406.14,25.50,282.31,495.27,282.31,152.29,4.8750,17.92,70.16,1.2188,24.75,0,5.9
44242,0.1225,-3.0100,-0.3150,3.0289,-405.41,27.33,285.24,496.45,285.24,150.50,4.8750,17.92,70.16,1.2188,24.75,0,5.9
44342,0.3150,-1.6975,-0.3850,1.7689,-406.02,25.62,280.48,494.14,280.48,113.73,4.8750,17.92,70.16,1.2188,24.75,0,5.9
44442,0.7000,-0.9625,0.5075,1.2938,-405.04,25.38,282.31,494.37,282.31,33.92,4.8750,17.92,70.16,1.2188,24.75,0,5.9
44542,1.0325,-1.5750,0.5075,1.9504,-405.41,28.67,284.50,496.10,284.50,328.62,4.8750,17.92,70.16,1.2188,24.75,0,5.9
44642,0.5075,-1.8025,0.1925,1.8825,-404.55,28.55,287.07,496.87,287.07,197.16,4.8750,17.92,70.16,1.2188,24.75,0,5.9
44742,0.0350,-0.6475,-0.5425,0.8455,-404.43,24.64,283.77,494.67,283.77,72.02,4.8750,17.92,70.16,1.2188,24.75,0,5.9
44842,-0.1050,-1.9250,0.3850,1.9659,-405.04,25.99,278.53,492.25,278.53,38.21,4.8750,17.92,70.16,1.2188,24.75,0,5.9
44942,0.4900,1.6275,0.3675,1.7389,-404.31,25.86,280.36,492.68,280.36,164.20,4.8750,17.92,70.16,1.2188,24.75,0,5.9
45042,0.3675,-0.9625,0.1225,1.0375,-404.19,25.86,281.82,493.41,281.82,13.09,4.8750,17.92,70.16,1.2188,24.75,0,5.9
45142,0.4200,0.6125,-0.2975,0.8000,-403.70,25.74,283.16,493.78,283.16,84.69,4.8750,17.92,70.16,1.2188,24.75,0,5.9
45242,0.4550,-3.2900,0.7525,3.4055,-404.31,25.99,283.77,494.64,283.77,16.23,4.8750,17.92,70.16,1.2188,24.75,0,5.9
45342,0.3150,0.0350,0.1225,0.3398,-404.92,25.38,283.77,495.11,283.77,68.43,4.8750,17.92,70.16,1.2188,24.75,0,5.9
45442,0.6475,-0.2450,0.2450,0.7344,-404.67,25.13,281.45,493.57,281.45,98.84,4.8750,17.92,70.16,1.2188,24.75,0,5.9
45542,0.7350,-0.3675,0.4725,0.9479,-404.67,25.86,284.75,495.49,284.75,178.43,4.8750,17.92,70.16,1.2188,24.75,0,5.9
45642,0.2450,-2.0475,0.2275,2.0746,-404.43,25.13,282.80,494.13,282.80,81.50,4.8750,17.92,70.16,1.2188,24.75,0,5.9
45742,0.3150,0.0700,0.1400,0.3517,-403.70,24.64,279.38,491.56,279.38,173.32,4.8750,17.92,70.16,1.2188,24.75,0,5.9
45842,0.5425,-1.3475,0.3150,1.4864,-404.92,27.94,284.38,495.59,284.38,113.91,4.8750,17.92,70.16,1.2188,24.75,0,5.9
45942,0.8925,0.9275,0.2275,1.3071,-404.19,26.84,283.28,494.30,283.28,100.25,4.8750,17.92,70.16,1.2188,24.75,0,5.9
46042,0.6650,-1.2075,0.4550,1.4517,-404.67,24.89,283.53,494.74,283.53,6.73,4.8750,17.92,70.16,1.2188,24.75,0,5.9
46142,0.6300,-0.9100,0.6650,1.2912,-405.65,26.84,283.16,495.43,283.16,83.68,5.2812,22.38,86.34,2.8438,26.93,0,5.6
46242,0.4725,-1.9950,0.1225,2.0538,-405.41,27.45,287.07,497.51,287.07,130.50,5.2812,22.38,86.34,2.8438,26.93,0,5.6
46342,-0.0175,-3.1675,-0.2450,3.1770,-405.16,26.72,280.36,493.43,280.36,123.32,5.2812,22.38,86.34,2.8438,26.93,0,5.6
46442,0.2450,-1.7150,0.1225,1.7367,-405.28,24.89,281.94,494.33,281.94,2.43,5.2812,22.38,86.34,2.8438,26.93,0,5.6
46542,0.4025,0.3850,0.3500,0.6578,-404.67,26.23,282.43,494.18,282.43,10.64,5.2812,22.38,86.34,2.8438,26.93,0,5.6
46642,0.8750,-0.1050,0.0525,0.8828,-404.43,26.23,282.55,494.05,282.55,95.59,5.2812,22.38,86.34,2.8438,26.93,0,5.6
46742,0.4900,-1.3125,-0.1050,1.4049,-405.16,25.50,281.21,493.85,281.21,81.31,5.2812,22.38,86.34,2.8438,26.93,0,5.6
46842,0.4900,-0.3150,0.2800,0.6463,-405.28,26.84,283.04,495.06,283.04,52.43,5.2812,22.38,86.34,2.8438,26.93,0,5.6
46942,0.5600,-1.7325,0.5250,1.8949,-405.16,26.35,284.38,495.71,284.38,39.80,5.2812,22.38,86.34,2.8438,26.93,0,5.6
47042,0.8050,-2.4500,0.5425,2.6353,-405.41,28.67,280.97,494.08,280.97,182.56,5.2812,22.38,86.34,2.8438,26.93,0,5.6
47142,0.1400,-1.7150,-0.2975,1.7462,-405.77,26.35,283.04,495.44,283.04,89.77,5.2812,22.38,86.34,2.8438,26.93,0,5.6
47242,0.7700,1.4175,0.0700,1.6147,-406.02,26.96,284.38,496.44,284.38,57.52,5.2812,22.38,86.34,2.8438,26.93,0,5.6
47342,0.4375,-1.8200,-0.1050,1.8748,-404.92,26.11,281.33,493.75,281.33,188.79,5.2812,22.38,86.34,2.8438,26.93,0,5.6
47442,0.6300,-1.3650,-0.1050,1.5070,-405.04,25.50,282.31,494.37,282.31,29.99,5.2812,22.38,86.34,2.8438,26.93,0,5.6
47542,0.2625,-2.7825,0.2975,2.8106,-404.67,26.84,284.75,495.54,284.75,36.16,5.2812,22.38,86.34,2.8438,26.93,0,5.6
47642,0.3500,-2.8875,0.5950,2.9689,-404.92,25.25,280.11,493.01,280.11,106.60,5.2812,22.38,86.34,2.8438,26.93,0,5.6
47742,0.8750,0.1575,0.2625,0.9270,-405.41,25.99,281.94,494.49,281.94,11.98,5.2812,22.38,86.34,2.8438,26.93,0,5.6
47842,0.2800,1.3125,-0.2100,1.3584,-404.67,25.74,285.72,496.05,285.72,284.67,5.2812,22.38,86.34,2.8438,26.93,0,5.6
47942,0.5950,-1.7675,0.0175,1.8650,-403.09,26.11,283.89,493.72,283.89,72.35,5.2812,22.38,86.34,2.8438,26.93,0,5.6
48042,0.4025,-2.3100,-0.0525,2.3454,-403.45,26.35,281.70,492.77,281.70,175.95,5.2812,22.38,86.34,2.8438,26.93,0,5.6
48142,0.4025,-0.4375,-0.0700,0.5986,-404.19,25.25,283.16,494.15,283.16,68.91,5.2812,22.38,86.34,2.8438,26.93,0,5.6
48242,0.5950,-0.1575,0.5250,0.8090,-403.82,27.08,287.92,496.69,287.92,190.19,5.2812,22.38,86.34,2.8438,26.93,0,5.6
48342,0.9625,-4.0425,0.5600,4.1931,-404.55,26.35,287.55,497.04,287.55,259.42,5.2812,22.38,86.34,2.8438,26.93,0,5.6
48442,0.4725,-0.9975,-0.4025,1.1748,-403.21,25.74,286.21,495.13,286.21,84.68,5.2812,22.38,86.34,2.8438,26.93,0,5.6
48542,0.5250,-0.7350,0.1050,0.9093,-404.80,25.25,281.58,493.74,281.58,56.88,5.2812,22.38,86.34,2.8438,26.93,0,5.6
48642,0.2625,-0.2100,-0.1400,0.3642,-404.55,25.38,286.21,496.21,286.21,51.67,5.2812,22.38,86.34,2.8438,26.93,0,5.6
48742,0.2800,-1.9425,0.0000,1.9626,-404.80,25.25,282.06,494.02,282.06,24.94,4.0625,24.56,76.94,4.0625,24.56,0,5.3
48842,1.0500,-0.4900,0.0350,1.1592,-404.92,26.11,284.02,495.28,284.02,166.45,4.0625,24.56,76.94,4.0625,24.56,0,5.3
48942,0.7700,0.9975,0.7525,1.4677,-404.19,25.38,284.02,494.65,284.02,27.15,4.0625,24.56,76.94,4.0625,24.56,0,5.3
49042,0.5600,-0.7175,-0.2275,0.9382,-403.94,25.86,284.38,494.68,284.38,71.30,4.0625,24.56,76.94,4.0625,24.56,0,5.3
49142,0.4550,0.2450,-0.1575,0.5402,-405.16,26.60,283.65,495.30,283.65,268.78,4.0625,24.56,76.94,4.0625,24.56,0,5.3
49242,0.7700,-0.0525,0.0700,0.7750,-405.41,26.11,284.26,495.82,284.26,36.59,4.0625,24.56,76.94,4.0625,24.56,0,5.3
49342,0.3150,0.7700,0.1050,0.8385,-404.43,26.47,286.09,496.10,286.09,102.55,4.0625,24.56,76.94,4.0625,24.56,0,5.3
49442,0.2975,-1.6100,0.0875,1.6396,-405.16,25.74,283.41,495.11,283.41,54.34,4.0625,24.56,76.94,4.0625,24.56,0,5.3
49542,0.3325,-1.0325,-0.4025,1.1570,-405.53,26.35,282.55,494.96,282.55,46.32,4.0625,24.56,76.94,4.0625,24.56,0,5.3
49642,0.5425,0.3850,0.7350,0.9913,-405.65,24.40,275.96,491.23,275.96,156.10,4.0625,24.56,76.94,4.0625,24.56,0,5.3
49742,0.1050,0.7000,0.0875,0.7132,-405.41,25.50,281.82,494.40,281.82,23.50,4.0625,24.56,76.94,4.0625,24.56,0,5.3
49842,0.8050,-1.3825,0.2800,1.6241,-403.45,26.47,282.92,493.48,282.92,48.75,4.0625,24.56,76.94,4.0625,24.56,0,5.3
49942,0.2625,-2.2575,-0.0525,2.2733,-403.82,25.62,286.21,495.63,286.21,48.43,4.0625,24.56,76.94,4.0625,24.56,0,5.3
50042,0.5075,0.1575,0.1925,0.5652,-404.80,26.60,282.92,494.58,282.92,37.49,4.0625,24.56,76.94,4.0625,24.56,0,5.3
50142,0.5075,-0.4900,0.0525,0.7074,-405.65,25.13,284.02,495.83,284.02,41.36,4.0625,24.56,76.94,4.0625,24.56,0,5.3
50242,0.4900,-2.3450,-0.1050,2.3979,-404.80,25.13,280.11,492.90,280.11,75.23,4.0625,24.56,76.94,4.0625,24.56,0,5.3
50342,0.3675,3.1325,0.9450,3.2925,-406.02,25.99,274.74,490.93,274.74,320.09,4.0625,24.56,76.94,4.0625,24.56,0,5.3
50442,0.3850,-0.8750,0.0350,0.9566,-404.06,28.06,287.43,496.66,287.43,19.14,4.0625,24.56,76.94,4.0625,24.56,0,5.3
50542,0.2100,-2.8000,-0.5425,2.8598,-404.67,26.23,285.48,495.93,285.48,132.75,4.0625,24.56,76.94,4.0625,24.56,0,5.3
50642,-0.4375,0.2100,-0.6650,0.8232,-404.43,26.47,283.53,494.62,283.53,71.74,4.0625,24.56,76.94,4.0625,24.56,0,5.3
50742,0.1750,0.4200,0.3150,0.5534,-405.65,25.50,286.09,497.04,286.09,154.14,4.0625,24.56,76.94,4.0625,24.56,0,5.3
50842,0.2275,-1.4700,0.1050,1.4912,-404.67,24.77,282.43,494.11,282.43,60.47,4.0625,24.56,76.94,4.0625,24.56,0,5.3
50942,0.5950,1.0150,-0.0700,1.1786,-405.28,25.25,282.55,494.70,282.55,9.12,4.0625,24.56,76.94,4.0625,24.56,0,5.3
51042,0.2275,-2.0825,0.1925,2.1037,-403.21,25.62,282.80,493.16,282.80,89.35,4.0625,24.56,76.94,4.0625,24.56,0,5.3
51142,0.6475,1.4700,0.3500,1.6440,-403.70,24.89,284.99,494.78,284.99,102.66,4.0625,24.56,76.94,4.0625,24.56,0,5.3
51244,0.0000,-0.4725,-0.4725,0.6682,-404.55,25.01,282.67,494.16,282.67,169.74,4.8750,14.38,53.57,6.9062,26.73,0,5.0
51342,-0.0700,-0.4900,-0.8925,1.0206,-404.19,24.40,280.72,492.71,280.72,201.23,4.8750,14.38,53.57,6.9062,26.73,0,5.0
51442,0.7875,-1.4175,0.4725,1.6890,-403.70,26.11,287.43,496.26,287.43,185.48,4.8750,14.38,53.57,6.9062,26.73,0,5.0
51542,0.3850,0.7875,0.2800,0.9202,-403.94,26.23,283.16,494.00,283.16,147.04,4.8750,14.38,53.57,6.9062,26.73,0,5.0
51642,0.1925,-1.2950,-0.0350,1.3097,-403.82,25.74,288.04,496.69,288.04,73.20,4.8750,14.38,53.57,6.9062,26.73,0,5.0
51742,0.3500,-0.2450,-0.3325,0.5414,-403.21,25.74,281.70,492.54,281.70,173.88,4.8750,14.38,53.57,6.9062,26.73,0,5.0
51842,0.6300,0.8925,0.2625,1.1235,-403.09,26.35,284.63,494.15,284.63,4.95,4.8750,14.38,53.57,6.9062,26.73,0,5.0
51942,0.5250,-0.9450,0.1575,1.0925,-404.92,24.64,283.04,494.65,283.04,24.14,4.8750,14.38,53.57,6.9062,26.73,0,5.0
52042,0.6300,-0.4900,0.3325,0.8646,-404.31,25.86,285.24,495.47,285.24,46.58,4.8750,14.38,53.57,6.9062,26.73,0,5.0
52142,0.4025,-0.9100,-0.0700,0.9975,-404.19,24.40,283.89,494.53,283.89,41.71,4.8750,14.38,53.57,6.9062,26.73,0,5.0
52242,0.3150,-0.4025,0.0175,0.5114,-404.19,26.11,283.77,494.54,283.77,84.67,4.8750,14.38,53.57,6.9062,26.73,0,5.0
52342,1.3650,-3.7625,-0.0875,4.0034,-404.19,25.74,280.48,492.64,280.48,37.22,4.8750,14.38,53.57,6.9062,26.73,0,5.0
52442,-0.8750,1.7675,0.2275,1.9853,-403.58,22.45,284.63,494.36,284.63,202.84,4.8750,14.38,53.57,6.9062,26.73,0,5.0
52542,-0.9100,-11.0775,1.2250,11.1821,-400.65,26.96,285.72,492.83,285.72,425.41,4.8750,14.38,53.57,6.9062,26.73,0,5.0
52642,0.9100,4.7250,0.6825,4.8600,-401.62,26.60,286.09,493.82,286.09,411.14,4.8750,14.38,53.57,6.9062,26.73,0,5.0
52742,-2.0650,-8.5925,1.4350,8.9529,-399.79,28.30,292.07,495.92,292.07,97.07,4.8750,14.38,53.57,6.9062,26.73,0,5.0
52842,-0.2275,0.2975,1.2075,1.2642,-400.77,27.57,290.48,495.74,290.48,137.06,4.8750,14.38,53.57,6.9062,26.73,0,5.0
52942,-1.5925,5.3550,-2.8350,6.2649,-396.74,25.62,291.34,492.89,291.34,236.98,4.8750,14.38,53.57,6.9062,26.73,0,5.0
53042,-0.8400,-0.3325,-2.6425,2.7927,-401.62,29.28,292.07,497.46,292.07,274.07,4.8750,14.38,53.57,6.9062,26.73,0,5.0
53142,4.8475,-0.9275,-5.2150,7.1802,-402.72,15.62,292.56,498.01,292.56,7.36,4.8750,14.38,53.57,6.9062,26.73,0,5.0
53242,0.1925,-4.3750,4.8825,6.5587,-403.94,30.50,293.53,500.26,293.53,413.03,4.8750,14.38,53.57,6.9062,26.73,0,5.0
53342,0.5075,5.4600,2.7475,6.1333,-398.45,26.35,287.92,492.30,287.92,412.34,4.8750,14.38,53.57,6.9062,26.73,0,5.0
53442,1.9600,4.4100,2.7475,5.5532,-406.63,35.87,267.06,487.80,267.06,16.20,4.8750,14.38,53.57,6.9062,26.73,0,5.0
53542,0.3500,2.5900,1.9425,3.2564,-405.28,20.62,294.39,501.34,294.39,1022.51,4.8750,14.38,53.57,6.9062,26.73,0,5.0
53642,10.2025,-27.7200,5.5650,30.0576,-405.41,33.43,349.16,536.08,349.16,8506.02,4.8750,14.38,53.57,6.9062,26.73,0,5.0
53742,-11.3400,10.7975,6.2475,16.8586,-390.28,30.99,316.22,503.26,316.22,525.92,4.8750,14.38,53.57,6.9062,26.73,0,5.0
53842,8.1725,-1.4875,-4.6375,9.5136,-391.38,30.62,297.68,492.67,297.68,292.00,4.8750,114.60,447.74,0.4062,246.43,0,4.8
53942,-2.1700,5.8800,0.8750,6.3284,-393.21,29.16,295.12,492.50,295.12,627.84,4.8750,114.60,447.74,0.4062,246.43,0,4.8
54042,1.7675,-10.9200,0.1575,11.0632,-390.40,30.87,309.39,499.09,309.39,680.37,4.8750,114.60,447.74,0.4062,246.43,0,4.8
54142,0.1400,1.5400,0.8925,1.7854,-390.89,29.77,305.98,497.29,305.98,305.55,4.8750,114.60,447.74,0.4062,246.43,0,4.8
54242,0.8225,-3.2550,-0.2625,3.3676,-392.84,31.84,290.48,489.61,290.48,152.40,4.8750,114.60,447.74,0.4062,246.43,0,4.8
54342,-1.4875,-2.7825,0.3325,3.1726,-387.96,30.38,306.59,495.41,306.59,44.71,4.8750,114.60,447.74,0.4062,246.43,0,4.8
54442,-0.3325,-6.5975,0.3325,6.6142,-388.08,29.28,308.29,496.50,308.29,64.75,4.8750,114.60,447.74,0.4062,246.43,0,4.8
54542,-3.1500,-4.1650,0.9625,5.3100,-386.13,29.16,308.17,494.89,308.17,265.57,4.8750,114.60,447.74,0.4062,246.43,0,4.8
54642,2.0125,-1.8200,-0.6125,2.7817,-388.33,27.69,297.92,490.23,297.92,346.37,4.8750,114.60,447.74,0.4062,246.43,0,4.8
54742,1.0150,-3.5175,0.7700,3.7411,-382.59,28.67,318.05,498.35,318.05,252.31,4.8750,114.60,447.74,0.4062,246.43,0,4.8
54842,2.0475,2.5550,0.0700,3.2749,-380.15,29.52,317.32,496.06,317.32,147.66,4.8750,114.60,447.74,0.4062,246.43,0,4.8
54942,0.4550,-12.8100,0.0700,12.8183,-376.00,27.69,325.37,498.01,325.37,118.32,4.8750,114.60,447.74,0.4062,246.43,0,4.8
55042,-0.5950,-6.2650,-0.0525,6.2934,-377.96,30.99,314.52,492.68,314.52,108.48,4.8750,114.60,447.74,0.4062,246.43,0,4.8
55142,0.7000,0.8050,0.2450,1.0946,-379.66,28.91,315.49,494.49,315.49,205.65,4.8750,114.60,447.74,0.4062,246.43,0,4.8
55242,0.8750,-2.1000,0.2800,2.2922,-377.83,30.74,310.00,489.70,310.00,139.69,4.8750,114.60,447.74,0.4062,246.43,0,4.8
