SWV ITM Data Console - ITM Port: 0

=== PARKINSON TREMOR MONITOR ===
IMU init... OK
FFT INIT STATUS: 0
TIME_MS,GX_DPS,GY_DPS,GZ_DPS,GYRO_MAG,AX_MG,AY_MG,AZ_MG,ACCEL_MAG,ACCEL_VERT,JERK_MG_S,DOMINANT_HZ,PEAK_FFT_MAG,BAND_ENERGY,GLOBAL_HZ,GLOBAL_MAG,TREMOR,TREMOR_PCT
142,0.7175,-0.5950,0.2450,0.9638,10.25,-38.80,496.66,498.28,496.66,39.91,0.0000,0.00,0.00,0.0000,0.00,0,0.0
242,0.1925,-0.5600,0.1925,0.6227,12.44,-39.04,495.69,497.38,495.69,36.71,0.0000,0.00,0.00,0.0000,0.00,0,0.0
342,0.7175,-0.5950,0.2100,0.9555,12.93,-37.58,494.10,495.70,494.10,97.38,0.0000,0.00,0.00,0.0000,0.00,0,0.0
442,0.9275,-0.5775,0.1750,1.1065,13.79,-36.72,497.15,498.69,497.15,90.11,0.0000,0.00,0.00,0.0000,0.00,0,0.0
542,0.9275,-0.6475,0.2275,1.1538,12.69,-38.06,497.27,498.89,497.27,39.14,0.0000,0.00,0.00,0.0000,0.00,0,0.0
642,0.1750,-0.6300,0.2450,0.6982,13.18,-38.80,496.54,498.23,496.54,53.49,0.0000,0.00,0.00,0.0000,0.00,0,0.0
742,0.1225,-0.5950,0.2100,0.6428,12.93,-37.94,495.20,496.82,495.20,50.94,0.0000,0.00,0.00,0.0000,0.00,0,0.0
842,0.4900,-0.5775,0.1575,0.7736,12.57,-36.36,495.93,497.42,495.93,44.24,0.0000,0.00,0.00,0.0000,0.00,0,0.0
942,29.4875,1.6275,-0.0875,29.5325,14.52,-33.79,480.68,482.09,480.68,5154.56,0.0000,0.00,0.00,0.0000,0.00,0,0.0
1042,-18.9000,-12.4950,-3.1150,22.8700,19.15,19.89,508.01,508.76,508.01,1742.03,0.0000,0.00,0.00,0.0000,0.00,0,0.0
1142,1.8025,-1.1200,-0.0700,2.1233,15.25,-29.52,466.28,467.47,466.28,2676.99,0.0000,0.00,0.00,0.0000,0.00,0,0.0
1242,0.5250,-0.6475,0.1925,0.8555,13.91,-23.67,499.47,500.22,499.47,445.86,0.0000,0.00,0.00,0.0000,0.00,0,0.0
1342,0.5950,-0.4725,0.1400,0.7726,13.42,-23.55,496.54,497.28,496.54,258.85,0.0000,0.00,0.00,0.0000,0.00,0,0.0
1442,0.1575,-0.4900,0.1225,0.5291,12.32,-23.30,495.08,495.78,495.08,414.82,0.0000,0.00,0.00,0.0000,0.00,0,0.0
1542,-0.3150,-0.7000,0.1400,0.7803,11.10,-23.91,497.64,498.34,497.64,20.58,0.0000,0.00,0.00,0.0000,0.00,0,0.0
1642,0.2625,-0.6650,0.1925,0.7404,12.32,-24.52,497.15,497.91,497.15,21.10,0.0000,0.00,0.00,0.0000,0.00,0,0.0
1742,0.5775,-0.5075,0.1575,0.7848,11.96,-23.55,497.76,498.46,497.76,84.83,0.0000,0.00,0.00,0.0000,0.00,0,0.0
1842,0.4375,-0.5950,0.1750,0.7590,12.44,-23.06,497.52,498.21,497.52,64.57,0.0000,0.00,0.00,0.0000,0.00,0,0.0
1942,0.4550,-0.5950,0.1575,0.7654,13.18,-24.16,497.76,498.52,497.76,89.80,0.0000,0.00,0.00,0.0000,0.00,0,0.0
2042,0.2800,-0.6300,0.1750,0.7113,14.15,-24.89,496.91,497.73,496.91,24.56,0.0000,0.00,0.00,0.0000,0.00,0,0.0
2142,1.4000,-1.6100,-0.0525,2.1342,11.47,-23.79,503.49,504.19,503.49,1034.68,0.0000,0.00,0.00,0.0000,0.00,0,0.0
2242,57.6800,23.5725,38.6925,73.3468,-29.77,-102.11,798.61,805.66,798.61,24454.85,0.0000,0.00,0.00,0.0000,0.00,0,0.0
2342,5.3200,-0.2800,0.1400,5.3292,12.08,-22.57,513.50,514.14,513.50,4642.42,0.0000,0.00,0.00,0.0000,0.00,0,0.0
2442,2.6250,1.4525,2.0475,3.6322,14.52,-21.23,500.93,501.59,500.93,211.48,0.0000,0.00,0.00,0.0000,0.00,0,0.0
2542,2.5900,-5.9150,6.7375,9.3322,-191.54,-53.31,494.22,532.72,494.22,4546.49,0.0000,0.00,0.00,0.0000,0.00,0,0.0
2642,13.2475,15.2775,42.9975,47.5151,59.90,-50.14,528.14,533.88,528.14,2718.44,3.6562,176.95,596.29,0.8125,461.01,0,0.0
2742,-26.6875,49.3675,-30.0650,63.6654,-241.56,22.20,559.37,609.70,559.37,9383.64,3.6562,176.95,596.29,0.8125,461.01,0,0.0
2842,53.3225,97.1250,131.0925,171.6444,-47.82,-182.27,465.67,502.36,465.67,1385.97,3.6562,176.95,596.29,0.8125,461.01,0,0.0
2942,112.7875,-122.6225,-70.5950,180.9446,-55.75,17.32,460.06,463.75,460.06,2685.11,3.6562,176.95,596.29,0.8125,461.01,0,0.0
3042,40.2500,-5.6175,9.1175,41.6503,-125.05,-6.71,555.34,569.29,555.34,2583.15,3.6562,176.95,596.29,0.8125,461.01,0,0.0
3142,-7.1225,23.9225,60.6375,65.5738,-13.18,-57.58,490.32,493.86,490.32,775.86,3.6562,176.95,596.29,0.8125,461.01,0,0.0
3242,-175.9275,-213.4650,-46.8300,280.5545,-46.36,25.86,433.10,436.34,433.10,22535.29,3.6562,176.95,596.29,0.8125,461.01,0,0.0
3342,-49.6300,-74.2000,-51.9400,103.2789,16.23,-56.49,484.83,488.38,484.83,195.02,3.6562,176.95,596.29,0.8125,461.01,0,0.0
3442,-20.4750,2.1875,15.9950,26.0739,82.47,-72.22,443.23,456.58,443.23,731.96,3.6562,176.95,596.29,0.8125,461.01,0,0.0
3542,67.9175,-10.6925,32.1475,75.8985,129.44,40.63,451.40,471.35,451.40,3971.88,3.6562,176.95,596.29,0.8125,461.01,0,0.0
3642,24.3425,1.8025,43.1550,49.5798,-95.16,119.07,545.71,566.59,545.71,807.47,3.6562,176.95,596.29,0.8125,461.01,0,0.0
3742,-30.6075,-7.7700,-19.9500,37.3523,-130.05,-33.92,479.58,498.06,479.58,790.23,3.6562,176.95,596.29,0.8125,461.01,0,0.0
3842,-34.3525,-20.1600,-21.7700,45.3922,53.56,-116.14,478.73,495.52,478.73,1459.87,3.6562,176.95,596.29,0.8125,461.01,0,0.0
3942,-50.3825,-52.3075,-17.6050,74.7289,-24.16,-129.32,415.53,435.86,415.53,1449.55,3.6562,176.95,596.29,0.8125,461.01,0,0.0
4042,-36.5050,-28.1400,7.8750,46.7599,79.54,-158.72,480.07,511.85,480.07,7354.50,3.6562,176.95,596.29,0.8125,461.01,0,0.0
4142,76.5625,-9.3450,46.3400,89.9808,164.21,-99.31,667.71,694.74,667.71,2941.85,3.6562,176.95,596.29,0.8125,461.01,0,0.0
4242,50.4875,13.2475,53.2700,74.5800,36.72,85.28,498.49,507.07,498.49,618.23,3.6562,176.95,596.29,0.8125,461.01,0,0.0
4342,33.5475,-4.9525,29.6275,45.0306,-74.66,77.35,456.28,468.77,456.28,6645.50,3.6562,176.95,596.29,0.8125,461.01,0,0.0
4442,-36.7850,15.7325,16.1875,43.1588,-73.20,2.68,465.19,470.92,465.19,2241.79,3.6562,176.95,596.29,0.8125,461.01,0,0.0
4542,-48.5625,-51.3450,-31.0800,77.2049,75.64,-98.45,533.75,548.00,533.75,359.53,3.6562,176.95,596.29,0.8125,461.01,0,0.0
4642,-55.8600,36.5575,-15.5575,68.5480,-2.07,-131.03,520.94,537.17,520.94,4866.33,3.6562,176.95,596.29,0.8125,461.01,0,0.0
4742,-13.5625,7.5600,-12.5300,19.9523,221.80,-225.94,434.08,537.28,434.08,3727.24,3.6562,176.95,596.29,0.8125,461.01,0,0.0
4842,37.5900,38.3775,59.3600,80.0590,318.79,-146.52,403.33,534.57,403.33,6512.30,3.6562,176.95,596.29,0.8125,461.01,0,0.0
4942,71.6800,-13.6325,72.1525,102.6151,27.57,81.86,597.19,603.40,597.19,3701.62,3.6562,176.95,596.29,0.8125,461.01,0,0.0
5042,4.3575,-4.9875,59.1325,59.5022,-51.12,125.54,446.15,466.29,446.15,4139.65,3.6562,176.95,596.29,0.8125,461.01,0,0.0
5142,23.4150,-28.9450,-26.8275,45.8889,-81.98,45.63,525.94,534.25,525.94,1265.62,3.6562,176.95,596.29,0.8125,461.01,0,0.0
5242,3.2200,-21.1225,-49.7875,54.1786,-100.04,-26.47,559.74,569.22,559.74,2377.67,5.6875,716.09,2445.38,0.4062,1363.62,1,50.0
5342,-6.1950,-21.2100,-52.3075,56.7831,-37.21,-46.48,477.63,481.33,477.63,792.31,5.6875,716.09,2445.38,0.4062,1363.62,1,50.0
5442,-5.3725,-4.6550,-6.9825,9.9643,77.10,-63.32,460.18,470.88,460.18,1411.99,5.6875,716.09,2445.38,0.4062,1363.62,1,50.0
5542,-16.3100,8.9600,32.4625,37.4181,63.56,19.89,462.99,467.76,462.99,1725.03,5.6875,716.09,2445.38,0.4062,1363.62,1,50.0
5642,2.9050,-2.6600,47.6525,47.8150,87.47,84.18,562.79,575.73,562.79,4335.17,5.6875,716.09,2445.38,0.4062,1363.62,1,50.0
5742,11.4625,16.8875,40.9675,45.7702,-0.98,109.31,434.56,448.10,434.56,666.24,5.6875,716.09,2445.38,0.4062,1363.62,1,50.0
5842,9.3275,-1.6100,5.7225,11.0608,-52.09,70.15,451.28,459.66,451.28,774.19,5.6875,716.09,2445.38,0.4062,1363.62,1,50.0
5942,23.9050,-7.6825,-29.6450,38.8497,-82.84,54.17,481.05,491.12,481.05,1483.48,5.6875,716.09,2445.38,0.4062,1363.62,1,50.0
6042,-10.7450,-8.4525,-43.8375,45.9198,-85.03,-7.93,553.03,559.58,553.03,455.89,5.6875,716.09,2445.38,0.4062,1363.62,1,50.0
6142,-29.3300,-2.7650,-36.5575,46.9505,-11.47,-78.08,549.37,555.01,549.37,2933.20,5.6875,716.09,2445.38,0.4062,1363.62,1,50.0
6242,-2.9225,-34.3000,-44.0300,55.8898,27.45,-55.14,517.52,521.18,517.52,2481.85,5.6875,716.09,2445.38,0.4062,1363.62,1,50.0
6342,70.6300,-58.7475,-28.3500,96.1436,85.77,0.73,686.37,691.71,686.37,9109.25,5.6875,716.09,2445.38,0.4062,1363.62,1,50.0
6442,-20.1425,35.3325,42.5425,58.8555,80.15,24.64,453.84,461.52,453.84,88.57,5.6875,716.09,2445.38,0.4062,1363.62,1,50.0
6542,14.0175,10.7625,31.3425,35.9816,130.17,-12.57,541.56,557.12,541.56,3657.54,5.6875,716.09,2445.38,0.4062,1363.62,1,50.0
6642,15.2075,10.8325,46.0950,49.7329,91.74,90.16,465.55,482.99,465.55,1139.80,5.6875,716.09,2445.38,0.4062,1363.62,1,50.0
6742,-8.9600,-6.6500,29.3300,31.3808,-23.42,113.46,393.94,410.62,393.94,1047.49,5.6875,716.09,2445.38,0.4062,1363.62,1,50.0
6842,14.7350,6.2475,3.2375,16.3289,-96.87,97.60,464.58,484.50,464.58,2948.73,5.6875,716.09,2445.38,0.4062,1363.62,1,50.0
6942,12.2850,3.3425,-18.3750,22.3547,-111.51,71.86,471.29,489.60,471.29,50.20,5.6875,716.09,2445.38,0.4062,1363.62,1,50.0
7042,-15.8900,-18.0075,-33.7575,41.4286,-66.37,12.44,511.06,515.50,511.06,5183.42,5.6875,716.09,2445.38,0.4062,1363.62,1,50.0
7142,-20.0725,-2.0300,-23.2225,30.7622,-87.11,-1.22,487.76,495.47,487.76,4948.19,5.6875,716.09,2445.38,0.4062,1363.62,1,50.0
7242,-22.2950,-5.1800,-23.5550,32.8441,45.51,-67.59,663.31,668.30,663.31,3933.44,5.6875,716.09,2445.38,0.4062,1363.62,1,50.0
7342,3.4475,13.5800,-1.9075,14.1400,112.97,-72.10,599.87,614.66,599.87,4639.08,5.6875,716.09,2445.38,0.4062,1363.62,1,50.0
7442,2.7475,17.7450,15.4525,23.6899,140.18,-32.70,544.61,563.31,544.61,3035.71,5.6875,716.09,2445.38,0.4062,1363.62,1,50.0
7542,18.6725,20.3525,38.5525,47.4255,63.56,54.66,490.68,497.79,490.68,2840.75,5.6875,716.09,2445.38,0.4062,1363.62,1,50.0
7642,-4.8300,3.1325,52.2550,52.5712,22.94,74.54,364.90,373.14,364.90,13473.43,5.6875,716.09,2445.38,0.4062,1363.62,1,50.0
7742,-25.8825,-15.6450,35.6650,46.7618,-30.26,67.34,486.29,491.86,486.29,2608.66,3.6562,300.42,992.49,0.8125,571.18,1,66.7
7842,-1.9425,-17.9900,19.8450,26.8559,-33.06,53.19,524.23,527.96,524.23,686.53,3.6562,300.42,992.49,0.8125,571.18,1,66.7
7942,-8.4525,-22.7150,0.9100,24.2537,-17.08,27.33,499.22,500.26,499.22,956.97,3.6562,300.42,992.49,0.8125,571.18,1,66.7
8042,-9.3800,-27.5800,-20.7550,35.7689,-30.01,21.72,503.98,505.34,503.98,712.89,3.6562,300.42,992.49,0.8125,571.18,1,66.7
8142,-13.6325,-5.9850,-25.5325,29.5563,-61.73,-1.95,577.67,580.96,577.67,76.75,3.6562,300.42,992.49,0.8125,571.18,1,66.7
8242,-8.2075,7.3500,-32.8300,34.6294,-6.34,-82.59,522.16,528.69,522.16,1366.11,3.6562,300.42,992.49,0.8125,571.18,1,66.7
8342,4.3925,12.1975,-25.6375,28.7290,23.30,-102.11,480.92,492.20,480.92,1753.02,3.6562,300.42,992.49,0.8125,571.18,1,66.7
8442,-8.4000,-6.0725,-7.3500,12.7066,7.69,-55.63,364.78,369.08,364.78,6076.86,3.6562,300.42,992.49,0.8125,571.18,1,66.7
8542,14.1750,-8.7325,12.5475,20.8477,118.71,-48.92,481.90,498.71,481.90,3540.73,3.6562,300.42,992.49,0.8125,571.18,1,66.7
8642,10.5350,11.7425,25.7600,30.2068,188.12,-13.18,462.99,499.92,462.99,86.47,3.6562,300.42,992.49,0.8125,571.18,1,66.7
8742,9.8525,25.9350,42.0000,50.3358,105.41,63.20,488.37,503.59,488.37,926.42,3.6562,300.42,992.49,0.8125,571.18,1,66.7
8842,1.0325,8.7675,37.2050,38.2380,68.69,81.74,490.68,502.17,490.68,489.52,3.6562,300.42,992.49,0.8125,571.18,1,66.7
8942,-0.1750,17.2900,34.7025,38.7716,30.13,68.81,458.23,464.35,458.23,163.20,3.6562,300.42,992.49,0.8125,571.18,1,66.7
9042,-5.3900,-2.4500,13.2300,14.4944,-13.18,70.76,477.26,482.66,477.26,1032.46,3.6562,300.42,992.49,0.8125,571.18,1,66.7
9142,-21.3325,-14.0525,-4.3925,25.9199,-51.00,46.48,491.78,496.60,491.78,2163.44,3.6562,300.42,992.49,0.8125,571.18,1,66.7
9242,-5.1800,6.6325,-26.6700,27.9663,-44.29,18.54,481.53,483.92,481.53,90.69,3.6562,300.42,992.49,0.8125,571.18,1,66.7
9342,-10.9900,-11.5500,-39.7775,42.8536,-7.69,-44.53,539.97,541.86,539.97,1037.34,3.6562,300.42,992.49,0.8125,571.18,1,66.7
9442,-6.5450,5.8450,-36.4875,37.5278,-25.50,-72.47,502.27,508.12,502.27,1929.82,3.6562,300.42,992.49,0.8125,571.18,1,66.7
9542,23.1350,13.0725,-22.9425,35.1066,57.46,-87.72,521.92,532.35,521.92,5245.84,3.6562,300.42,992.49,0.8125,571.18,1,66.7
9642,38.4650,9.2225,-5.8625,39.9872,53.07,-50.14,428.83,435.00,428.83,5949.97,3.6562,300.42,992.49,0.8125,571.18,1,66.7
9742,-2.9400,-13.3175,18.8825,23.2927,17.08,-4.51,458.96,459.30,458.96,2373.68,3.6562,300.42,992.49,0.8125,571.18,1,66.7
9842,-7.0350,-6.2650,30.8700,32.2754,35.38,28.18,447.74,450.02,447.74,2106.13,3.6562,300.42,992.49,0.8125,571.18,1,66.7
9942,-1.2075,9.9575,29.6450,31.2959,49.17,44.41,495.56,499.97,495.56,135.32,3.6562,300.42,992.49,0.8125,571.18,1,66.7
10042,-2.5025,20.9475,37.0125,42.6026,55.51,28.30,539.97,543.56,539.97,1295.11,3.6562,300.42,992.49,0.8125,571.18,1,66.7
10142,0.1400,5.3550,26.1100,26.6539,10.37,23.18,530.94,531.55,530.94,739.95,3.6562,300.42,992.49,0.8125,571.18,1,66.7
10242,-4.6725,-8.9425,13.0375,16.4857,-0.49,23.55,461.16,461.76,461.16,164.39,3.6562,300.42,992.49,0.8125,571.18,1,66.7
10342,-18.4450,-4.3400,6.0550,19.8926,-83.81,43.80,457.01,466.69,457.01,1623.42,4.4688,234.76,803.22,1.6250,653.46,1,75.0
10442,-6.2650,-12.4075,-18.8825,23.4466,-39.89,-3.17,460.31,462.04,460.31,140.52,4.4688,234.76,803.22,1.6250,653.46,1,75.0
10542,1.5925,-18.8475,-41.4575,45.5685,-30.87,-18.30,574.86,575.98,574.86,262.30,4.4688,234.76,803.22,1.6250,653.46,1,75.0
10642,-3.7800,-7.8925,-36.6100,37.6414,0.73,-77.84,541.31,546.88,541.31,257.70,4.4688,234.76,803.22,1.6250,653.46,1,75.0
10742,13.7200,-1.2775,-33.5475,36.2671,66.98,-110.78,540.70,555.98,540.70,4086.47,4.4688,234.76,803.22,1.6250,653.46,1,75.0
10842,9.1000,-12.6525,-15.8375,22.2199,71.00,-76.25,471.41,482.78,471.41,2512.02,4.4688,234.76,803.22,1.6250,653.46,1,75.0
10942,12.4950,-3.8150,3.4125,13.5028,88.08,-38.06,491.78,501.06,491.78,1734.73,4.4688,234.76,803.22,1.6250,653.46,1,75.0
11042,1.7325,-1.3475,17.7975,17.9323,111.63,-30.01,484.95,498.54,484.95,1938.30,4.4688,234.76,803.22,1.6250,653.46,1,75.0
11142,-0.3500,-0.4200,29.7150,29.7200,54.17,21.47,467.63,471.24,467.63,2416.53,4.4688,234.76,803.22,1.6250,653.46,1,75.0
11242,8.4875,10.0275,31.3775,34.0167,58.56,18.54,509.84,513.53,509.84,1013.80,4.4688,234.76,803.22,1.6250,653.46,1,75.0
11342,-4.7775,13.7025,27.3875,30.9945,73.69,10.98,523.01,528.29,523.01,860.96,4.4688,234.76,803.22,1.6250,653.46,1,75.0
11442,-2.6950,-2.1525,26.9675,27.1872,4.76,27.94,470.31,471.16,470.31,358.22,4.4688,234.76,803.22,1.6250,653.46,1,75.0
11542,-5.3550,4.3925,19.1100,20.3264,5.00,34.28,527.53,528.66,527.53,2340.48,4.4688,234.76,803.22,1.6250,653.46,1,75.0
11642,-7.2100,-3.5175,-0.5075,8.0383,-37.94,21.23,482.02,483.98,482.02,793.13,4.4688,234.76,803.22,1.6250,653.46,1,75.0
11742,-4.0425,-13.7200,-22.4525,26.6213,-15.25,2.07,517.89,518.12,517.89,612.78,4.4688,234.76,803.22,1.6250,653.46,1,75.0
11842,-5.2325,-20.1250,-32.6550,38.7136,-16.47,-14.52,513.50,513.97,513.50,798.60,4.4688,234.76,803.22,1.6250,653.46,1,75.0
11942,-0.7350,-8.4525,-38.3425,39.2700,-13.42,-41.24,556.44,558.13,556.44,2739.28,4.4688,234.76,803.22,1.6250,653.46,1,75.0
12042,12.6000,11.9000,-32.8825,37.1703,-31.23,-31.23,487.15,489.14,487.15,1898.71,4.4688,234.76,803.22,1.6250,653.46,1,75.0
12142,-0.8050,-3.1675,-28.4900,28.6768,-29.16,-50.26,417.48,421.51,417.48,2112.98,4.4688,234.76,803.22,1.6250,653.46,1,75.0
12242,-0.3325,-8.4700,-12.8975,15.4336,89.91,-72.71,434.44,449.57,434.44,2043.31,4.4688,234.76,803.22,1.6250,653.46,1,75.0
12342,-17.1325,-7.8925,11.3750,22.0274,78.69,-29.89,457.26,464.94,457.26,5605.62,4.4688,234.76,803.22,1.6250,653.46,1,75.0
12442,-3.7275,-0.3500,17.8150,18.2041,68.32,-27.08,502.40,507.74,502.40,2525.86,4.4688,234.76,803.22,1.6250,653.46,1,75.0
12542,8.1200,11.2700,27.1775,30.5215,76.25,-2.56,487.02,492.96,487.02,925.76,4.4688,234.76,803.22,1.6250,653.46,1,75.0
12642,6.7200,15.6450,35.3325,39.2213,53.92,53.92,474.34,480.43,474.34,1026.84,4.4688,234.76,803.22,1.6250,653.46,1,75.0
12742,-2.6950,13.8250,31.9025,34.8735,30.01,47.09,469.58,472.89,469.58,1932.28,4.4688,234.76,803.22,1.6250,653.46,1,75.0
12844,-5.4075,7.1575,26.4250,27.9061,19.03,47.95,423.71,426.83,423.71,1171.44,5.6875,87.08,319.47,1.6250,649.18,1,80.0
12942,1.9775,-5.7925,13.7025,15.0074,-31.23,43.68,448.23,451.43,448.23,4206.40,5.6875,87.08,319.47,1.6250,649.18,1,80.0
13042,-28.7525,-9.6425,-1.5750,30.3672,-2.81,1.95,484.22,484.23,484.22,1708.81,5.6875,87.08,319.47,1.6250,649.18,1,80.0
13142,1.5225,-15.6275,-16.3975,22.7027,-47.34,-3.42,441.40,443.94,441.40,76.85,5.6875,87.08,319.47,1.6250,649.18,1,80.0
13242,7.7525,-19.9675,-28.6475,35.7698,-29.52,-4.76,487.63,488.55,487.63,1465.23,5.6875,87.08,319.47,1.6250,649.18,1,80.0
13342,4.3400,-16.8700,-38.0625,41.8591,-55.39,-18.18,474.21,477.78,474.21,126.08,5.6875,87.08,319.47,1.6250,649.18,1,80.0
13442,0.2800,-23.6600,-43.1725,49.2315,26.72,-56.12,542.90,546.45,542.90,102.62,5.6875,87.08,319.47,1.6250,649.18,1,80.0
13542,4.7775,-5.0575,-29.0675,29.8885,4.15,-62.34,525.58,529.28,525.58,2448.05,5.6875,87.08,319.47,1.6250,649.18,1,80.0
13642,-4.3400,-10.6575,-14.0525,18.1629,72.22,-70.39,419.68,431.63,419.68,1590.73,5.6875,87.08,319.47,1.6250,649.18,1,80.0
13742,-12.8275,-11.6900,13.5800,22.0367,133.10,-57.95,463.36,485.56,463.36,3402.25,5.6875,87.08,319.47,1.6250,649.18,1,80.0
13842,-7.9975,3.0975,29.0500,30.2896,98.58,-23.79,477.51,488.16,477.51,1813.49,5.6875,87.08,319.47,1.6250,649.18,1,80.0
13942,-0.2975,6.0725,42.9625,43.3906,105.65,-8.66,482.14,493.66,482.14,2652.66,5.6875,87.08,319.47,1.6250,649.18,1,80.0
14042,7.4025,7.7875,42.7875,44.1159,38.06,57.34,485.07,489.93,485.07,921.03,5.6875,87.08,319.47,1.6250,649.18,1,80.0
14142,-12.6700,8.2775,24.6575,28.9316,30.01,14.76,611.83,612.74,611.83,2346.40,5.6875,87.08,319.47,1.6250,649.18,1,80.0
14242,-6.7550,13.4925,33.6175,36.8485,91.87,-11.47,535.46,543.40,535.46,859.80,5.6875,87.08,319.47,1.6250,649.18,1,80.0
14342,20.6675,-0.2275,23.8700,31.5749,20.01,25.99,512.89,513.94,512.89,6246.29,5.6875,87.08,319.47,1.6250,649.18,1,80.0
14442,13.9475,-7.1400,-4.6550,16.3457,-29.77,37.33,511.67,513.89,511.67,1781.45,5.6875,87.08,319.47,1.6250,649.18,1,80.0
14542,-0.2975,4.5325,-21.0175,21.5027,-4.76,23.30,485.68,486.26,485.68,1029.02,5.6875,87.08,319.47,1.6250,649.18,1,80.0
14642,3.0625,-1.9950,-35.9625,36.1478,-45.51,3.78,447.98,450.31,447.98,2986.89,5.6875,87.08,319.47,1.6250,649.18,1,80.0
14742,3.4825,-26.0400,-47.9500,54.6755,5.98,-33.55,502.40,503.55,502.40,535.82,5.6875,87.08,319.47,1.6250,649.18,1,80.0
14842,1.1725,-4.5675,-39.6725,39.9518,-34.65,-39.04,479.34,482.17,479.34,204.93,5.6875,87.08,319.47,1.6250,649.18,1,80.0
14942,-3.0275,-12.5300,-27.4400,30.3170,27.69,-64.78,439.32,444.94,439.32,51.76,5.6875,87.08,319.47,1.6250,649.18,1,80.0
15042,8.8725,-5.9150,-12.1450,16.1620,94.79,-99.19,497.39,515.97,497.39,1791.39,5.6875,87.08,319.47,1.6250,649.18,1,80.0
15142,-0.3850,-2.4675,10.1325,10.4357,119.44,-81.50,485.07,506.16,485.07,584.12,5.6875,87.08,319.47,1.6250,649.18,1,80.0
15242,7.2625,4.3050,31.3600,32.4766,123.95,-23.06,477.87,494.23,477.87,1576.60,5.6875,87.08,319.47,1.6250,649.18,1,80.0
15342,4.6550,15.3125,42.8925,45.7811,97.84,33.55,502.88,513.41,502.88,783.01,5.6875,87.08,319.47,1.6250,649.18,1,80.0
15442,-2.3450,19.2850,51.6600,55.1921,42.70,63.32,453.11,459.50,453.11,413.44,3.6562,159.56,577.68,1.6250,766.91,1,83.3
15542,-9.7825,-6.4400,30.8875,33.0334,39.41,26.72,458.96,461.43,458.96,707.01,3.6562,159.56,577.68,1.6250,766.91,1,83.3
15642,12.5650,2.5200,12.9500,18.2190,-18.79,27.21,429.32,430.59,429.32,696.15,3.6562,159.56,577.68,1.6250,766.91,1,83.3
15742,10.2375,0.3675,-10.3950,14.5944,-21.96,22.81,523.62,524.58,523.62,99.79,3.6562,159.56,577.68,1.6250,766.91,1,83.3
15842,0.2100,4.4975,-35.4375,35.7224,-46.85,20.62,447.98,450.90,447.98,564.11,3.6562,159.56,577.68,1.6250,766.91,1,83.3
15942,-19.8975,-16.1700,-32.7425,41.5867,-36.72,-36.23,426.88,429.98,426.88,3515.01,3.6562,159.56,577.68,1.6250,766.91,1,83.3
16042,-7.0700,6.2125,-26.7750,28.3810,-25.99,-52.83,555.83,558.94,555.83,3698.61,3.6562,159.56,577.68,1.6250,766.91,1,83.3
16142,4.0600,-8.3650,-28.1575,29.6530,10.13,-71.98,529.36,534.33,529.36,1305.93,3.6562,159.56,577.68,1.6250,766.91,1,83.3
16242,1.4350,-12.9675,-18.2175,22.4074,74.91,-87.47,544.61,556.65,544.61,626.16,3.6562,159.56,577.68,1.6250,766.91,1,83.3
16342,-2.0650,-19.4600,-4.9350,20.1819,119.68,-71.00,540.09,557.73,540.09,820.70,3.6562,159.56,577.68,1.6250,766.91,1,83.3
16442,8.0150,-5.4075,15.0850,17.9175,114.07,-42.58,508.62,522.99,508.62,90.34,3.6562,159.56,577.68,1.6250,766.91,1,83.3
16542,-1.5925,-5.9675,28.5950,29.2544,130.54,-20.62,499.35,516.54,499.35,1185.49,3.6562,159.56,577.68,1.6250,766.91,1,83.3
16642,-4.2000,6.4400,35.1925,36.0226,99.67,28.55,510.45,520.87,510.45,1283.38,3.6562,159.56,577.68,1.6250,766.91,1,83.3
16742,1.5575,1.9775,29.2775,29.3855,35.26,31.96,474.34,476.72,474.34,139.80,3.6562,159.56,577.68,1.6250,766.91,1,83.3
16842,3.1850,-9.5200,33.0925,34.5816,40.87,20.25,507.28,509.32,507.28,83.04,3.6562,159.56,577.68,1.6250,766.91,1,83.3
16942,-0.2275,13.1250,11.0950,17.1877,38.31,6.34,486.78,488.33,486.78,63.32,3.6562,159.56,577.68,1.6250,766.91,1,83.3
17042,8.1550,-9.3800,-7.4900,14.5117,-18.42,17.20,508.98,509.61,508.98,474.27,3.6562,159.56,577.68,1.6250,766.91,1,83.3
17142,5.4775,-3.2200,-28.6300,29.3266,-58.44,32.09,494.47,498.94,494.47,1623.87,3.6562,159.56,577.68,1.6250,766.91,1,83.3
17242,-5.7225,-7.0350,-38.2025,39.2641,-25.25,-11.22,490.93,491.71,490.93,1014.22,3.6562,159.56,577.68,1.6250,766.91,1,83.3
17342,-5.7925,-7.1050,-39.0250,40.0872,-55.88,-45.51,470.31,475.80,470.31,209.27,3.6562,159.56,577.68,1.6250,766.91,1,83.3
17442,-21.8575,-2.6775,-25.6725,33.8230,-44.04,-83.20,505.69,514.38,505.69,4005.21,3.6562,159.56,577.68,1.6250,766.91,1,83.3
17542,6.5625,-16.7125,-11.9000,21.5403,132.37,-151.28,583.77,617.41,583.77,1258.42,3.6562,159.56,577.68,1.6250,766.91,1,83.3
17642,-1.4000,-2.1000,7.8050,8.2029,63.68,-69.17,500.08,508.84,500.08,554.15,3.6562,159.56,577.68,1.6250,766.91,1,83.3
17742,7.4900,0.5600,29.4875,30.4290,90.04,-53.68,467.02,478.64,467.02,105.44,3.6562,159.56,577.68,1.6250,766.91,1,83.3
17842,18.7425,11.1125,41.7200,47.0673,130.42,-24.16,551.81,567.52,551.81,2352.88,3.6562,159.56,577.68,1.6250,766.91,1,83.3
17942,4.2700,7.7700,44.5200,45.3942,91.99,32.45,520.33,529.39,520.33,93.65,3.6562,159.56,577.68,1.6250,766.91,1,83.3
18042,1.0850,18.3750,40.0400,44.0684,30.01,63.20,470.31,475.48,470.31,2016.60,4.0625,91.39,331.63,1.6250,711.59,1,85.7
18142,6.4925,2.3800,22.5225,23.5601,3.29,49.29,455.30,457.98,455.30,914.89,4.0625,91.39,331.63,1.6250,711.59,1,85.7
18242,-36.4525,-8.5575,8.8900,38.4844,-1.46,29.40,410.29,411.34,410.29,15144.61,4.0625,91.39,331.63,1.6250,711.59,1,85.7
18342,-8.4875,-4.9000,-16.3975,19.1030,-8.05,12.57,536.07,536.28,536.07,932.08,4.0625,91.39,331.63,1.6250,711.59,1,85.7
18442,7.8750,-9.9925,-31.6400,34.1021,-21.96,-9.64,490.56,491.15,490.56,2685.49,4.0625,91.39,331.63,1.6250,711.59,1,85.7
18542,4.3925,-9.3275,-42.5075,43.7400,-31.48,-35.50,514.23,516.41,514.23,2007.37,4.0625,91.39,331.63,1.6250,711.59,1,85.7
18642,10.8675,7.5775,-42.4725,44.4908,-89.55,-47.34,457.50,468.58,457.50,901.03,4.0625,91.39,331.63,1.6250,711.59,1,85.7
18742,42.8225,27.5450,-32.9175,60.6305,142.62,-194.10,480.07,537.11,480.07,9996.78,4.0625,91.39,331.63,1.6250,711.59,1,85.7
18842,-31.2375,-26.4950,18.3400,44.8790,133.47,-58.93,364.90,392.99,364.90,4070.07,4.0625,91.39,331.63,1.6250,711.59,1,85.7
18942,-11.1825,9.9400,79.7125,81.1045,155.43,113.09,413.82,456.29,413.82,3342.33,4.0625,91.39,331.63,1.6250,711.59,1,85.7
19042,-0.5425,-1.7150,36.7675,36.8115,-13.42,152.62,426.76,453.43,426.76,2383.17,4.0625,91.39,331.63,1.6250,711.59,1,85.7
19142,28.2275,4.1300,-32.6550,43.3612,-226.92,86.74,532.65,585.44,532.65,1525.40,4.0625,91.39,331.63,1.6250,711.59,1,85.7
19242,-27.2300,-10.7100,-44.3100,53.0995,54.29,-242.90,553.76,607.12,553.76,4130.58,4.0625,91.39,331.63,1.6250,711.59,1,85.7
19342,-21.2800,5.1100,20.3875,29.9099,151.40,-98.70,392.60,432.20,392.60,2292.99,4.0625,91.39,331.63,1.6250,711.59,1,85.7
19442,13.7550,6.8775,45.9375,48.4433,88.69,154.33,468.72,501.38,468.72,48.53,4.0625,91.39,331.63,1.6250,711.59,1,85.7
19542,8.5050,1.4000,-9.9400,13.1567,-214.11,124.20,493.73,552.31,493.73,2192.63,4.0625,91.39,331.63,1.6250,711.59,1,85.7
19642,6.0725,-1.8725,-52.7450,53.1264,35.99,-201.42,604.14,637.85,604.14,2473.68,4.0625,91.39,331.63,1.6250,711.59,1,85.7
19742,-9.5025,6.2125,19.1275,22.2431,187.76,-153.72,423.58,488.17,423.58,1273.44,4.0625,91.39,331.63,1.6250,711.59,1,85.7
19842,19.1800,-2.4150,50.0850,53.6862,146.64,128.34,504.71,541.03,504.71,5439.34,4.0625,91.39,331.63,1.6250,711.59,1,85.7
19942,-8.1200,-13.7900,5.9850,17.0856,-137.62,174.46,453.72,505.21,453.72,759.30,4.0625,91.39,331.63,1.6250,711.59,1,85.7
20042,10.0100,-3.6050,-64.5050,65.3765,-194.59,-100.53,527.89,571.53,527.89,1999.32,4.0625,91.39,331.63,1.6250,711.59,1,85.7
20142,-0.2975,40.0050,1.2250,40.0249,173.73,-220.94,432.37,515.69,432.37,4618.46,4.0625,91.39,331.63,1.6250,711.59,1,85.7
20242,6.2125,-4.6025,49.4200,50.0211,318.54,4.51,481.78,577.58,481.78,3986.63,4.0625,91.39,331.63,1.6250,711.59,1,85.7
20342,21.6300,-5.3200,15.4350,27.0998,13.30,192.76,527.04,561.34,527.04,3098.81,4.0625,91.39,331.63,1.6250,711.59,1,85.7
20442,26.0400,5.2500,-56.2275,62.1866,-262.42,33.92,515.33,579.29,515.33,73.40,4.0625,91.39,331.63,1.6250,711.59,1,85.7
20542,10.9375,38.4125,-38.2900,55.3288,213.38,-283.41,469.94,588.81,469.94,8827.76,4.4688,760.85,2940.90,4.4688,760.85,1,87.5
20642,-18.6725,-13.0200,37.9225,44.2301,170.43,-11.35,372.83,410.10,372.83,2623.49,4.4688,760.85,2940.90,4.4688,760.85,1,87.5
20742,-0.9625,-11.4450,43.1550,44.6572,10.61,233.87,484.83,538.39,484.83,2719.73,4.4688,760.85,2940.90,4.4688,760.85,1,87.5
20842,17.5175,-7.9100,-23.8875,30.6601,-253.64,110.78,440.66,520.37,440.66,372.04,4.4688,760.85,2940.90,4.4688,760.85,1,87.5
20942,-16.1175,22.0325,-42.7875,50.7541,89.30,-272.79,588.04,654.36,588.04,1682.32,4.4688,760.85,2940.90,4.4688,760.85,1,87.5
21042,-20.3700,-8.3475,33.4425,40.0377,171.53,-73.69,361.85,407.17,361.85,2742.90,4.4688,760.85,2940.90,4.4688,760.85,1,87.5
21142,37.5550,-5.4600,34.7550,51.4597,-39.53,245.71,431.64,498.24,431.64,2847.59,4.4688,760.85,2940.90,4.4688,760.85,1,87.5
21242,1.5400,12.4425,-64.6800,65.8839,-177.88,69.54,484.10,520.41,484.10,3331.81,4.4688,760.85,2940.90,4.4688,760.85,1,87.5
21342,-7.9800,30.5200,-11.5675,33.6000,280.11,-270.47,546.32,670.88,546.32,2480.32,4.4688,760.85,2940.90,4.4688,760.85,1,87.5
21442,9.2575,-18.0250,54.2500,57.9108,97.60,100.77,475.56,495.82,475.56,1219.60,4.4688,760.85,2940.90,4.4688,760.85,1,87.5
21542,-4.3225,-13.0725,0.9275,13.7998,-142.74,103.94,515.08,544.51,515.08,2259.24,4.4688,760.85,2940.90,4.4688,760.85,1,87.5
21642,0.3150,4.9350,-40.9150,41.2127,45.63,-231.56,518.01,569.24,518.01,4923.24,4.4688,760.85,2940.90,4.4688,760.85,1,87.5
21742,-5.4075,17.9550,31.0275,36.2537,141.76,-97.97,467.75,498.48,467.75,730.96,4.4688,760.85,2940.90,4.4688,760.85,1,87.5
21842,11.3750,-7.9450,49.4900,51.3982,156.04,96.75,500.69,533.29,500.69,550.42,4.4688,760.85,2940.90,4.4688,760.85,1,87.5
21942,-15.4700,-28.9625,17.5525,37.2322,-45.87,152.74,413.34,443.04,413.34,5183.98,4.4688,760.85,2940.90,4.4688,760.85,1,87.5
22042,2.7825,-9.9050,-60.4975,61.3661,-186.17,-13.54,576.82,606.27,576.82,80.95,4.4688,760.85,2940.90,4.4688,760.85,1,87.5
22142,-11.7600,20.7550,-22.0675,32.4968,136.15,-244.85,495.20,568.96,495.20,2056.80,4.4688,760.85,2940.90,4.4688,760.85,1,87.5
22242,-19.8450,-9.4500,27.0200,34.8311,175.68,-78.32,399.06,443.00,399.06,2125.35,4.4688,760.85,2940.90,4.4688,760.85,1,87.5
22342,14.9275,-3.6050,49.3850,51.7175,90.04,155.31,449.08,483.63,449.08,1433.80,4.4688,760.85,2940.90,4.4688,760.85,1,87.5
22442,12.3725,-7.4725,11.2875,18.3392,-48.68,143.72,516.91,538.72,516.91,3927.23,4.4688,760.85,2940.90,4.4688,760.85,1,87.5
22542,13.5450,0.1050,-55.9475,57.5639,-231.92,68.20,504.71,559.62,504.71,1465.28,4.4688,760.85,2940.90,4.4688,760.85,1,87.5
22642,-1.2425,32.6725,-33.2325,46.6201,133.59,-194.35,455.55,512.97,455.55,7195.36,4.4688,760.85,2940.90,4.4688,760.85,1,87.5
22742,-5.2150,8.2600,15.2775,18.1336,45.63,-139.32,448.59,471.94,448.59,1351.91,4.4688,760.85,2940.90,4.4688,760.85,1,87.5
22842,-0.1225,9.4675,25.8300,27.5107,-33.79,-9.15,519.84,521.02,519.84,3583.48,4.4688,760.85,2940.90,4.4688,760.85,1,87.5
22942,-13.5275,-3.2025,23.7300,27.5020,190.56,-61.61,483.85,523.66,483.85,892.76,4.4688,760.85,2940.90,4.4688,760.85,1,87.5
23042,-4.0600,5.4250,59.7450,60.1280,103.46,69.17,487.63,503.26,487.63,2107.14,4.4688,760.85,2940.90,4.4688,760.85,1,87.5
23142,-16.1350,-8.2600,39.9350,43.8562,9.52,90.52,423.10,432.78,423.10,740.83,3.6562,541.20,2788.54,3.6562,541.20,1,88.9
23242,4.7950,-17.2900,14.2450,22.9097,43.19,21.72,437.00,439.67,437.00,1151.65,3.6562,541.20,2788.54,3.6562,541.20,1,88.9
23342,1.9425,-9.1525,-2.9400,9.8074,-23.67,35.75,481.41,483.32,481.41,3735.13,3.6562,541.20,2788.54,3.6562,541.20,1,88.9
23442,4.9175,6.5625,-27.0025,28.2203,6.71,22.33,486.78,487.34,486.78,2123.29,3.6562,541.20,2788.54,3.6562,541.20,1,88.9
23542,-11.2350,-30.0125,-42.6475,53.3459,-6.34,16.47,511.79,512.09,511.79,2675.21,3.6562,541.20,2788.54,3.6562,541.20,1,88.9
23642,-1.6275,-4.1300,-40.4775,40.7202,6.10,-26.96,506.06,506.81,506.06,1441.69,3.6562,541.20,2788.54,3.6562,541.20,1,88.9
23742,-6.3000,-6.2650,-39.0075,40.0066,-13.42,-46.73,519.96,522.23,519.96,1466.44,3.6562,541.20,2788.54,3.6562,541.20,1,88.9
23842,9.7475,4.2875,-29.6100,31.4666,41.11,-74.42,526.06,532.89,526.06,2808.97,3.6562,541.20,2788.54,3.6562,541.20,1,88.9
23942,-0.9975,16.8000,-1.4875,16.8952,72.83,-51.48,552.90,560.05,552.90,455.29,3.6562,541.20,2788.54,3.6562,541.20,1,88.9
24042,-8.9600,2.4675,10.4475,13.9829,47.70,-53.68,499.35,504.48,499.35,795.49,3.6562,541.20,2788.54,3.6562,541.20,1,88.9
24142,-2.6950,6.3175,25.7600,26.6599,53.19,-22.69,472.99,476.52,472.99,365.62,3.6562,541.20,2788.54,3.6562,541.20,1,88.9
24242,10.8150,6.0200,34.8950,37.0252,62.46,-5.86,495.93,499.88,495.93,2180.07,3.6562,541.20,2788.54,3.6562,541.20,1,88.9
24342,-0.9975,7.0175,33.3025,34.0485,72.22,21.72,482.51,488.37,482.51,1314.31,3.6562,541.20,2788.54,3.6562,541.20,1,88.9
24442,-34.4575,31.1150,39.0250,60.6499,26.35,10.98,569.62,570.33,569.62,8337.60,3.6562,541.20,2788.54,3.6562,541.20,1,88.9
24542,11.7250,-9.3800,12.5650,19.5791,-31.11,27.82,475.19,477.02,475.19,1530.71,3.6562,541.20,2788.54,3.6562,541.20,1,88.9
24642,-1.6800,-22.7325,8.4175,24.2990,-33.79,33.67,483.97,486.32,483.97,2188.30,3.6562,541.20,2788.54,3.6562,541.20,1,88.9
24742,5.6525,-7.6125,-21.3500,23.3607,-49.90,40.02,525.58,529.45,525.58,1359.97,3.6562,541.20,2788.54,3.6562,541.20,1,88.9
24842,4.8475,4.2000,-31.8675,32.5065,-26.47,5.73,505.32,506.05,505.32,1487.83,3.6562,541.20,2788.54,3.6562,541.20,1,88.9
24942,-0.3850,-6.2650,-35.4025,35.9546,-11.96,-37.09,504.47,505.97,504.47,38.77,3.6562,541.20,2788.54,3.6562,541.20,1,88.9
25042,3.0800,3.1325,-31.5350,31.8395,-67.47,-17.45,490.07,495.00,490.07,707.59,3.6562,541.20,2788.54,3.6562,541.20,1,88.9
25142,2.7475,-10.8675,-29.4175,31.4808,47.34,-64.29,556.69,562.38,556.69,1530.68,3.6562,541.20,2788.54,3.6562,541.20,1,88.9
25242,-1.3825,-1.8900,-13.6850,13.8839,32.09,-61.49,519.48,524.09,519.48,1023.07,3.6562,541.20,2788.54,3.6562,541.20,1,88.9
25342,-7.7525,-7.5600,-0.8400,10.8610,82.72,-61.00,472.38,483.44,472.38,490.82,3.6562,541.20,2788.54,3.6562,541.20,1,88.9
25442,6.4925,-1.0500,17.4475,18.6459,79.91,-41.11,516.18,523.95,516.18,180.36,3.6562,541.20,2788.54,3.6562,541.20,1,88.9
25542,-2.9750,-1.1200,29.1900,29.3626,76.62,-9.64,488.61,494.67,488.61,1259.21,3.6562,541.20,2788.54,3.6562,541.20,1,88.9
25644,-5.5125,9.6950,35.3500,37.0676,97.97,-1.59,517.04,526.24,517.04,1461.27,4.8750,260.30,1098.82,1.6250,769.46,1,90.0
25742,0.2100,5.0925,26.5825,27.0667,82.72,5.98,502.64,509.44,502.64,664.04,4.8750,260.30,1098.82,1.6250,769.46,1,90.0
25842,2.4325,3.4475,24.4825,24.8434,17.81,14.27,459.70,460.26,459.70,1321.44,4.8750,260.30,1098.82,1.6250,769.46,1,90.0
25942,-3.1675,-7.6475,18.0425,19.8507,-11.96,29.04,476.41,477.44,476.41,1907.98,4.8750,260.30,1098.82,1.6250,769.46,1,90.0
26042,5.4250,-7.4725,-0.0700,9.2344,-44.41,39.16,424.68,428.79,424.68,893.52,4.8750,260.30,1098.82,1.6250,769.46,1,90.0
26142,-2.8525,-7.9275,-15.1550,17.3394,-39.53,21.72,455.79,458.02,455.79,1203.33,4.8750,260.30,1098.82,1.6250,769.46,1,90.0
26242,1.6100,0.2450,-26.5300,26.5799,-3.54,0.49,509.47,509.48,509.47,548.63,4.8750,260.30,1098.82,1.6250,769.46,1,90.0
26342,-8.6975,-4.0600,-29.9775,31.4767,25.38,-30.87,525.33,526.85,525.33,2288.75,4.8750,260.30,1098.82,1.6250,769.46,1,90.0
26442,2.0125,6.5450,-22.5750,23.5906,-12.20,-38.06,526.80,528.31,526.80,585.04,4.8750,260.30,1098.82,1.6250,769.46,1,90.0
26542,4.4625,0.2625,-26.6525,27.0248,21.23,-27.08,444.32,445.65,444.32,64.06,4.8750,260.30,1098.82,1.6250,769.46,1,90.0
26642,-13.8075,-2.3800,-19.2675,23.8233,43.55,-66.12,529.97,535.85,529.97,2775.92,4.8750,260.30,1098.82,1.6250,769.46,1,90.0
26742,-8.7500,-14.0350,-4.3050,17.0903,40.26,-76.13,539.00,545.83,539.00,184.36,4.8750,260.30,1098.82,1.6250,769.46,1,90.0
26842,-2.3275,-0.7875,17.4650,17.6370,41.11,-54.41,555.22,559.39,555.22,1005.48,4.8750,260.30,1098.82,1.6250,769.46,1,90.0
26942,-4.2525,-3.0100,13.0900,14.0887,51.00,-28.91,530.58,533.81,530.58,702.89,4.8750,260.30,1098.82,1.6250,769.46,1,90.0
27042,3.3425,5.8800,25.1125,26.0074,71.61,-27.82,499.59,505.46,499.59,895.11,4.8750,260.30,1098.82,1.6250,769.46,1,90.0
27142,-3.5350,6.1075,32.1300,32.8958,97.23,-11.35,573.64,581.94,573.64,365.48,4.8750,260.30,1098.82,1.6250,769.46,1,90.0
27242,-10.3600,5.6175,28.8925,31.2036,66.49,-1.59,487.51,492.03,487.51,2618.82,4.8750,260.30,1098.82,1.6250,769.46,1,90.0
27342,14.2800,-3.6925,30.5725,33.9445,23.18,-7.56,423.71,424.41,423.71,486.64,4.8750,260.30,1098.82,1.6250,769.46,1,90.0
27442,7.2275,-1.1900,22.7325,23.8835,-29.28,34.04,488.00,490.06,488.00,1631.82,4.8750,260.30,1098.82,1.6250,769.46,1,90.0
27542,-1.2600,-3.1850,3.8675,5.1662,-26.35,26.72,512.64,514.02,512.64,1818.21,4.8750,260.30,1098.82,1.6250,769.46,1,90.0
27642,5.4775,-2.3625,-13.7375,14.9768,-18.91,10.61,499.35,499.82,499.35,377.42,4.8750,260.30,1098.82,1.6250,769.46,1,90.0
27742,-1.4000,-3.9900,-30.0650,30.3609,-10.00,14.03,512.03,512.32,512.03,1874.88,4.8750,260.30,1098.82,1.6250,769.46,1,90.0
27842,14.0175,8.1550,-40.1450,43.2968,-72.83,18.06,515.69,521.12,515.69,2597.38,4.8750,260.30,1098.82,1.6250,769.46,1,90.0
27942,-4.0425,21.0875,-33.5650,39.8451,-24.03,-50.51,504.47,507.56,504.47,910.53,4.8750,260.30,1098.82,1.6250,769.46,1,90.0
28042,-11.7075,-16.9050,-27.3700,34.2339,-20.74,-59.05,472.02,476.15,472.02,1739.69,4.8750,260.30,1098.82,1.6250,769.46,1,90.0
28142,-35.4025,-16.8350,-8.9075,40.2007,22.69,-98.09,474.21,484.78,474.21,6669.54,4.8750,260.30,1098.82,1.6250,769.46,1,90.0
28242,-5.0400,-15.1025,7.5600,17.6250,69.91,-77.10,464.82,476.33,464.82,2627.04,3.6562,200.88,726.99,1.2188,592.68,1,90.9
28342,6.6500,-15.3475,15.6975,22.9386,65.15,-35.38,582.43,587.13,582.43,4454.75,3.6562,200.88,726.99,1.2188,592.68,1,90.9
28442,16.1175,9.8175,33.4425,38.4000,169.21,-56.49,538.75,567.52,538.75,202.57,3.6562,200.88,726.99,1.2188,592.68,1,90.9
28542,15.2425,15.3475,43.4700,48.5543,90.65,10.86,494.10,502.46,494.10,1455.44,3.6562,200.88,726.99,1.2188,592.68,1,90.9
28642,17.6225,20.3700,38.9900,47.3889,0.24,71.61,481.05,486.35,481.05,1290.62,3.6562,200.88,726.99,1.2188,592.68,1,90.9
28742,5.6700,7.1575,24.9725,26.5896,31.72,50.75,471.65,475.43,471.65,905.36,3.6562,200.88,726.99,1.2188,592.68,1,90.9
28842,-5.5300,-3.9900,13.5800,15.1960,-33.31,55.02,456.77,461.27,456.77,2462.56,3.6562,200.88,726.99,1.2188,592.68,1,90.9
28942,-0.0525,-2.9050,-4.1125,5.0353,-74.42,61.73,462.75,472.74,462.75,96.34,3.6562,200.88,726.99,1.2188,592.68,1,90.9
29042,7.0175,-8.3475,-25.6725,27.8927,-72.83,34.04,500.69,507.10,500.69,242.15,3.6562,200.88,726.99,1.2188,592.68,1,90.9
29142,-8.9425,-9.9050,-37.3275,39.6411,-26.35,10.00,458.84,459.71,458.84,965.57,3.6562,200.88,726.99,1.2188,592.68,1,90.9
29242,-0.0525,-7.2100,-38.6925,39.3586,-71.00,-12.08,452.50,458.19,452.50,198.09,3.6562,200.88,726.99,1.2188,592.68,1,90.9
29342,2.0125,10.9725,-33.0925,34.9222,-5.98,-41.97,512.52,514.27,512.52,1752.75,3.6562,200.88,726.99,1.2188,592.68,1,90.9
29442,-10.4125,-1.6625,-25.9000,27.9642,3.54,-37.70,511.67,513.07,511.67,995.97,3.6562,200.88,726.99,1.2188,592.68,1,90.9
29542,-9.2225,-3.7100,-5.3725,11.2997,34.40,-60.76,535.46,539.99,535.46,21.73,3.6562,200.88,726.99,1.2188,592.68,1,90.9
29642,0.0000,8.0150,6.9475,10.6070,28.91,-38.06,491.05,493.37,491.05,1728.41,3.6562,200.88,726.99,1.2188,592.68,1,90.9
29742,-4.3575,-0.2800,16.4850,17.0535,28.67,-25.86,479.22,480.77,479.22,184.70,3.6562,200.88,726.99,1.2188,592.68,1,90.9
29842,1.6100,-3.2900,30.7300,30.9475,46.73,-38.06,486.54,490.25,486.54,1007.38,3.6562,200.88,726.99,1.2188,592.68,1,90.9
29942,8.1375,4.0775,37.8000,38.8804,73.20,-14.52,520.21,525.53,520.21,1697.27,3.6562,200.88,726.99,1.2188,592.68,1,90.9
30042,29.3300,36.6625,41.4750,62.6463,106.99,26.23,562.30,572.99,562.30,2600.76,3.6562,200.88,726.99,1.2188,592.68,1,90.9
30142,-8.3475,13.7375,36.8900,40.2402,-12.08,59.90,479.83,483.70,479.83,1275.34,3.6562,200.88,726.99,1.2188,592.68,1,90.9
30242,-7.8925,-13.2825,14.1225,20.9323,-113.83,86.86,403.58,428.22,403.58,26.86,3.6562,200.88,726.99,1.2188,592.68,1,90.9
30342,-9.6775,-11.9875,-9.6600,18.1843,-94.06,41.60,472.99,484.05,472.99,2834.19,3.6562,200.88,726.99,1.2188,592.68,1,90.9
30442,15.4525,-4.0775,-38.0450,41.2653,-38.92,10.13,580.35,581.75,580.35,3199.11,3.6562,200.88,726.99,1.2188,592.68,1,90.9
30542,14.5600,-5.8975,-39.6025,42.6044,-16.47,-26.11,526.43,527.33,526.43,2232.24,3.6562,200.88,726.99,1.2188,592.68,1,90.9
30642,-2.4325,-12.1625,-36.4175,38.4718,-84.79,-17.57,480.80,488.54,480.80,647.00,3.6562,200.88,726.99,1.2188,592.68,1,90.9
30742,-12.3200,-6.3525,-29.9600,33.0112,-46.12,-39.41,498.37,502.05,498.37,431.93,3.6562,200.88,726.99,1.2188,592.68,1,90.9
30842,-6.6325,-16.8875,-24.0800,30.1500,72.96,-101.38,489.34,505.03,489.34,1025.62,4.0625,153.68,573.23,1.2188,838.24,1,91.7
30942,-8.5575,2.0300,9.8525,13.2069,119.44,-94.67,487.63,510.90,487.63,795.60,4.0625,153.68,573.23,1.2188,838.24,1,91.7
31042,14.4375,20.2825,36.9775,44.5775,98.70,-52.58,520.82,532.69,520.82,1576.41,4.0625,153.68,573.23,1.2188,838.24,1,91.7
31142,11.8125,3.9550,56.8225,58.1719,105.41,-12.20,517.16,527.93,517.16,1137.79,4.0625,153.68,573.23,1.2188,838.24,1,91.7
31242,-23.3275,4.5150,37.5550,44.4402,156.04,23.06,535.34,558.09,535.34,2472.16,4.0625,153.68,573.23,1.2188,838.24,1,91.7
31342,2.9750,16.6600,39.6900,43.1474,-27.94,27.45,435.42,437.18,435.42,510.93,4.0625,153.68,573.23,1.2188,838.24,1,91.7
31442,15.2250,-16.7650,20.6150,30.6242,-15.01,38.31,449.33,451.21,449.33,1044.36,4.0625,153.68,573.23,1.2188,838.24,1,91.7
31542,6.7025,-6.3525,-0.3150,9.2400,-58.80,56.61,474.95,481.91,474.95,1632.57,4.0625,153.68,573.23,1.2188,838.24,1,91.7
31642,-5.5125,-8.2950,-18.4275,20.9468,-53.31,34.04,458.84,463.18,458.84,2117.64,4.0625,153.68,573.23,1.2188,838.24,1,91.7
31742,15.5575,-18.5325,-37.8175,44.8960,-75.76,32.33,447.25,454.77,447.25,878.81,4.0625,153.68,573.23,1.2188,838.24,1,91.7
31842,-12.8800,-9.8000,-38.9375,42.1671,-96.99,10.61,456.65,466.95,456.65,1641.10,4.0625,153.68,573.23,1.2188,838.24,1,91.7
31942,-9.2400,5.7400,-34.2475,35.9335,-20.74,-62.46,502.52,506.81,502.52,1253.27,4.0625,153.68,573.23,1.2188,838.24,1,91.7
32042,1.0675,9.5375,-30.5375,32.0100,-26.84,-51.48,491.42,494.83,491.42,2036.42,4.0625,153.68,573.23,1.2188,838.24,1,91.7
32142,0.3850,-5.8100,-25.9700,26.6148,48.92,-79.54,500.93,509.56,500.93,1542.34,4.0625,153.68,573.23,1.2188,838.24,1,91.7
32242,3.3775,-3.1500,5.8100,7.4220,84.79,-93.45,469.94,486.59,469.94,319.54,4.0625,153.68,573.23,1.2188,838.24,1,91.7
32342,4.4100,9.8700,30.2925,32.1637,94.92,-59.05,502.40,514.68,502.40,1609.59,4.0625,153.68,573.23,1.2188,838.24,1,91.7
32442,12.4075,22.9775,48.5800,55.1537,47.82,1.46,493.61,495.93,493.61,885.95,4.0625,153.68,573.23,1.2188,838.24,1,91.7
32542,4.4975,9.2400,44.9050,46.0659,70.76,8.66,532.04,536.80,532.04,1139.04,4.0625,153.68,573.23,1.2188,838.24,1,91.7
32642,16.8875,16.8700,41.9125,48.2332,-20.25,69.66,517.04,522.10,517.04,2036.43,4.0625,153.68,573.23,1.2188,838.24,1,91.7
32742,2.1525,11.8650,27.0725,29.6367,15.62,26.84,527.41,528.32,527.41,260.39,4.0625,153.68,573.23,1.2188,838.24,1,91.7
32842,18.7075,13.2650,3.9200,23.2658,-73.32,41.97,488.73,495.98,488.73,8716.57,4.0625,153.68,573.23,1.2188,838.24,1,91.7
32942,-20.0725,-4.4975,-8.0500,22.0893,-54.17,21.72,437.98,441.85,437.98,3462.84,4.0625,153.68,573.23,1.2188,838.24,1,91.7
33042,4.5500,-4.9525,-17.7800,19.0094,-66.61,13.05,498.98,503.58,498.98,1616.17,4.0625,153.68,573.23,1.2188,838.24,1,91.7
33142,7.4725,-5.3025,-36.1200,37.2640,-88.08,15.98,483.85,492.06,483.85,481.36,4.0625,153.68,573.23,1.2188,838.24,1,91.7
33242,8.6625,-3.4300,-44.9750,45.9299,-88.21,-9.27,473.24,481.48,473.24,414.67,4.0625,153.68,573.23,1.2188,838.24,1,91.7
33342,3.2200,-4.8650,-49.2100,49.5546,-100.28,-10.49,437.13,448.60,437.13,1157.81,4.8750,148.46,590.20,1.6250,831.95,1,92.3
33442,10.0450,0.5950,-45.3600,46.4627,111.02,-91.62,471.29,492.78,471.29,2368.23,4.8750,148.46,590.20,1.6250,831.95,1,92.3
33542,-3.9375,3.4300,-9.1700,10.5526,116.75,-97.72,564.01,584.20,564.01,3060.48,4.8750,148.46,590.20,1.6250,831.95,1,92.3
33642,2.4850,-1.1900,10.7275,11.0757,93.09,-66.73,536.43,548.53,536.43,2589.29,4.8750,148.46,590.20,1.6250,831.95,1,92.3
33742,11.3050,13.7900,34.4050,38.7514,138.47,-67.83,560.47,581.29,560.47,3210.60,4.8750,148.46,590.20,1.6250,831.95,1,92.3
33842,3.1150,1.4875,44.1700,44.3047,37.70,9.03,505.57,507.05,505.57,1396.18,4.8750,148.46,590.20,1.6250,831.95,1,92.3
33942,8.4875,17.5350,51.8700,55.4077,37.21,14.27,507.28,508.84,507.28,1498.69,4.8750,148.46,590.20,1.6250,831.95,1,92.3
34042,12.0225,19.8450,42.5425,48.4585,35.38,9.15,534.24,535.49,534.24,5073.63,4.8750,148.46,590.20,1.6250,831.95,1,92.3
34142,-5.0925,-8.1550,37.3975,38.6136,-6.47,26.23,445.42,446.24,445.42,545.27,4.8750,148.46,590.20,1.6250,831.95,1,92.3
34242,1.5400,-4.4800,22.0500,22.5531,-67.22,66.12,494.34,503.26,494.34,333.00,4.8750,148.46,590.20,1.6250,831.95,1,92.3
34342,-3.9725,1.7150,-4.3925,6.1657,-59.54,45.99,468.48,474.48,468.48,610.76,4.8750,148.46,590.20,1.6250,831.95,1,92.3
34442,18.9350,-10.6225,-33.1625,39.6374,-24.03,11.47,499.83,500.54,499.83,2517.18,4.8750,148.46,590.20,1.6250,831.95,1,92.3
34542,6.9300,-16.5375,-52.3250,55.3120,-40.38,18.54,500.93,502.90,500.93,267.07,4.8750,148.46,590.20,1.6250,831.95,1,92.3
34642,-0.6825,1.5050,-48.0725,48.1009,-93.45,-25.01,482.02,491.63,482.02,15.44,4.8750,148.46,590.20,1.6250,831.95,1,92.3
34742,-8.1725,-0.9975,-31.7275,32.7783,-67.83,-68.56,448.59,458.85,448.59,3136.49,4.8750,148.46,590.20,1.6250,831.95,1,92.3
34842,-3.5700,-6.1425,-8.8550,11.3528,28.79,-44.41,458.60,461.64,458.60,1950.14,4.8750,148.46,590.20,1.6250,831.95,1,92.3
34942,13.5100,5.1100,0.4200,14.4502,40.02,-64.29,513.38,518.93,513.38,3678.93,4.8750,148.46,590.20,1.6250,831.95,1,92.3
35042,8.0850,18.2350,28.3325,34.6499,68.32,-43.92,494.22,500.85,494.22,1290.04,4.8750,148.46,590.20,1.6250,831.95,1,92.3
35142,-2.9400,5.0925,47.8450,48.2050,55.63,-21.96,488.73,492.38,488.73,497.63,4.8750,148.46,590.20,1.6250,831.95,1,92.3
35242,-0.7350,6.8600,33.4775,34.1810,86.99,-5.25,487.63,495.36,487.63,962.70,4.8750,148.46,590.20,1.6250,831.95,1,92.3
35342,-16.4675,-16.5900,36.1900,43.0827,54.41,61.73,474.09,481.18,474.09,3391.10,4.8750,148.46,590.20,1.6250,831.95,1,92.3
35442,-17.5175,1.8200,25.0950,30.6583,-6.22,45.14,515.45,517.46,515.45,1491.08,4.8750,148.46,590.20,1.6250,831.95,1,92.3
35542,-15.1900,-9.2575,-0.4375,17.7941,-71.49,47.70,454.57,462.63,454.57,2829.90,4.8750,148.46,590.20,1.6250,831.95,1,92.3
35642,-0.9100,11.4100,-19.6875,22.7731,-47.82,29.65,478.73,482.02,478.73,334.72,4.8750,148.46,590.20,1.6250,831.95,1,92.3
35742,1.9075,2.0300,-43.9950,44.0831,-12.44,-15.86,516.43,516.82,516.43,95.96,4.8750,148.46,590.20,1.6250,831.95,1,92.3
35842,2.8875,-3.6225,-46.9350,47.1631,-31.96,-20.62,499.71,501.16,499.71,1399.34,4.8750,148.46,590.20,1.6250,831.95,1,92.3
35942,7.4025,-9.6775,-42.6825,44.3875,-89.67,-42.94,503.13,512.86,503.13,1969.18,5.2812,171.35,597.53,1.6250,1110.27,1,92.9
36042,5.3900,-7.0350,-33.2325,34.3939,-26.96,-63.32,495.44,500.20,495.44,2723.20,5.2812,171.35,597.53,1.6250,1110.27,1,92.9
36142,-13.1600,-22.3650,-17.8150,31.4762,8.78,-82.84,502.40,509.26,502.40,3665.88,5.2812,171.35,597.53,1.6250,1110.27,1,92.9
36242,-16.5900,-22.7850,7.9100,29.2737,48.80,-74.05,456.52,465.06,456.52,3275.09,5.2812,171.35,597.53,1.6250,1110.27,1,92.9
36342,-15.9075,-12.1800,38.0625,43.0134,37.21,-38.19,450.55,453.69,450.55,4534.93,5.2812,171.35,597.53,1.6250,1110.27,1,92.9
36442,-9.7475,-10.0625,45.9375,48.0263,20.74,-12.81,472.26,472.89,472.26,3463.77,5.2812,171.35,597.53,1.6250,1110.27,1,92.9
36542,10.4650,3.7800,37.9925,39.5883,127.37,-12.08,478.00,494.82,478.00,474.66,5.2812,171.35,597.53,1.6250,1110.27,1,92.9
36642,-9.2925,4.1300,45.6575,46.7762,39.41,44.90,491.05,494.67,491.05,3998.47,5.2812,171.35,597.53,1.6250,1110.27,1,92.9
36742,-9.0125,7.2975,36.5575,38.3527,19.15,18.30,512.77,513.45,512.77,1471.26,5.2812,171.35,597.53,1.6250,1110.27,1,92.9
36842,-15.8900,3.3600,26.8100,31.3458,34.77,17.32,548.88,550.25,548.88,904.43,5.2812,171.35,597.53,1.6250,1110.27,1,92.9
36942,-10.0625,13.0025,0.9975,16.4716,-24.89,24.77,531.55,532.71,531.55,3659.53,5.2812,171.35,597.53,1.6250,1110.27,1,92.9
37042,-13.5975,-8.2425,-17.7275,23.8138,-36.11,-23.55,442.25,444.35,442.25,236.04,5.2812,171.35,597.53,1.6250,1110.27,1,92.9
37142,10.8325,-14.6475,-32.9175,37.6225,-79.79,-22.33,486.78,493.78,486.78,1463.24,5.2812,171.35,597.53,1.6250,1110.27,1,92.9
37242,-3.4650,-5.1975,-41.5275,41.9947,-49.17,-32.33,524.36,527.65,524.36,840.75,5.2812,171.35,597.53,1.6250,1110.27,1,92.9
37342,1.5400,10.0100,-56.4025,57.3046,-70.76,-53.07,497.88,505.68,497.88,361.60,5.2812,171.35,597.53,1.6250,1110.27,1,92.9
37442,-6.1425,0.5075,-38.2375,38.7310,-38.06,-101.50,422.85,436.53,422.85,4483.25,5.2812,171.35,597.53,1.6250,1110.27,1,92.9
37542,-7.5075,-4.1825,-1.9425,8.8107,-20.62,-85.16,460.67,468.93,460.67,6439.33,5.2812,171.35,597.53,1.6250,1110.27,1,92.9
37642,-16.4325,0.0525,13.5975,21.3289,47.21,-78.08,485.93,494.42,485.93,5724.98,5.2812,171.35,597.53,1.6250,1110.27,1,92.9
37742,13.8250,12.1975,32.9175,37.7289,107.97,-74.79,553.51,568.88,553.51,432.87,5.2812,171.35,597.53,1.6250,1110.27,1,92.9
37842,10.9375,9.2400,44.4500,46.6991,66.37,0.73,524.97,529.15,524.97,991.72,5.2812,171.35,597.53,1.6250,1110.27,1,92.9
37942,-1.7500,-6.4925,40.1800,40.7388,38.92,10.13,483.49,485.16,483.49,359.84,5.2812,171.35,597.53,1.6250,1110.27,1,92.9
38042,-4.9525,-7.7350,39.5850,40.6366,47.82,18.54,532.65,535.12,532.65,548.94,5.2812,171.35,597.53,1.6250,1110.27,1,92.9
38142,-5.8450,-6.3175,28.8225,30.0801,5.25,33.31,560.83,561.85,560.83,2260.89,5.2812,171.35,597.53,1.6250,1110.27,1,92.9
38242,-1.8375,-8.1375,20.8075,22.4176,5.12,9.27,499.47,499.58,499.47,3022.79,5.2812,171.35,597.53,1.6250,1110.27,1,92.9
38342,5.0925,-12.4600,-0.6475,13.4761,-51.48,44.90,472.38,477.30,472.38,1878.50,5.2812,171.35,597.53,1.6250,1110.27,1,92.9
38444,4.3925,-14.4025,-20.4575,25.4015,-42.58,17.32,488.85,491.01,488.85,913.97,3.6562,198.83,544.44,1.6250,800.55,1,93.3
38542,-4.9000,-1.3650,-35.1225,35.4889,-37.58,4.64,504.71,506.13,504.71,2272.38,3.6562,198.83,544.44,1.6250,800.55,1,93.3
38642,-5.2850,0.8225,-36.6800,37.0679,-15.62,-30.26,467.75,468.99,467.75,851.02,3.6562,198.83,544.44,1.6250,800.55,1,93.3
38742,-9.0825,0.9800,-31.6750,32.9660,-56.12,-17.08,493.73,497.21,493.73,2964.63,3.6562,198.83,544.44,1.6250,800.55,1,93.3
38842,-7.9975,36.5225,-19.5475,42.1895,-37.58,-50.87,469.46,473.70,469.46,141.19,3.6562,198.83,544.44,1.6250,800.55,1,93.3
38942,13.7725,8.0150,-20.2650,25.7797,-26.72,-46.97,484.95,487.95,484.95,634.70,3.6562,198.83,544.44,1.6250,800.55,1,93.3
39042,-2.9225,-15.7325,-6.6325,17.3217,37.21,-90.40,520.33,529.43,520.33,946.56,3.6562,198.83,544.44,1.6250,800.55,1,93.3
39142,7.3500,-8.4350,18.5500,21.6627,67.34,-87.11,537.04,548.21,537.04,2395.83,3.6562,198.83,544.44,1.6250,800.55,1,93.3
39242,16.2225,16.6425,38.0975,44.6269,92.72,-49.78,572.30,581.90,572.30,2199.05,3.6562,198.83,544.44,1.6250,800.55,1,93.3
39342,3.0100,17.7975,41.9125,45.6341,-4.88,35.26,491.78,493.07,491.78,274.22,3.6562,198.83,544.44,1.6250,800.55,1,93.3
39442,-1.9775,-4.7075,33.3900,33.7781,13.79,23.55,485.44,486.20,485.44,601.73,3.6562,198.83,544.44,1.6250,800.55,1,93.3
39542,-0.4375,-3.4650,25.3225,25.5622,29.65,20.98,486.29,487.65,486.29,1288.06,3.6562,198.83,544.44,1.6250,800.55,1,93.3
39642,-8.1725,-1.8025,19.0925,20.8462,-11.35,31.23,425.17,426.47,425.17,2023.84,3.6562,198.83,544.44,1.6250,800.55,1,93.3
39742,-6.8775,-7.1050,8.1025,12.7840,-8.91,38.31,441.64,443.39,441.64,7.27,3.6562,198.83,544.44,1.6250,800.55,1,93.3
39842,-3.4300,-8.2600,-14.7700,17.2669,-37.70,35.38,490.07,492.79,490.07,1307.18,3.6562,198.83,544.44,1.6250,800.55,1,93.3
39942,-1.7675,-11.1475,-39.6375,41.2131,-40.63,14.64,479.70,481.64,479.70,2318.73,3.6562,198.83,544.44,1.6250,800.55,1,93.3
40042,-3.3950,-12.9675,-53.1650,54.8288,-0.73,-40.87,574.62,576.07,574.62,1437.05,3.6562,198.83,544.44,1.6250,800.55,1,93.3
40142,5.0225,8.3300,-37.6775,38.9128,-39.28,-66.49,544.36,549.81,544.36,1307.14,3.6562,198.83,544.44,1.6250,800.55,1,93.3
40242,9.4500,3.2900,-28.4025,30.1136,-10.25,-76.25,443.71,450.33,443.71,2060.08,3.6562,198.83,544.44,1.6250,800.55,1,93.3
40342,-5.7925,-8.5750,-8.5050,13.3947,22.08,-76.13,433.95,441.13,433.95,1462.60,3.6562,198.83,544.44,1.6250,800.55,1,93.3
40442,-6.9475,-12.9325,16.5375,22.1135,69.54,-72.96,503.01,513.00,503.01,3049.27,3.6562,198.83,544.44,1.6250,800.55,1,93.3
40542,-2.8350,-0.7175,26.2675,26.4298,61.12,-39.89,468.97,474.61,468.97,2307.28,3.6562,198.83,544.44,1.6250,800.55,1,93.3
40642,2.6425,6.7375,38.3950,39.0711,49.17,-5.12,470.31,472.90,470.31,0.19,3.6562,198.83,544.44,1.6250,800.55,1,93.3
40742,0.6300,-0.1575,33.1275,33.1339,64.78,13.91,471.65,476.28,471.65,13.63,3.6562,198.83,544.44,1.6250,800.55,1,93.3
40842,-0.9625,4.4450,28.3150,28.6779,28.79,21.11,523.87,525.08,523.87,413.67,3.6562,198.83,544.44,1.6250,800.55,1,93.3
40942,3.7275,-0.9100,20.2300,20.5907,50.14,-11.10,568.52,570.83,568.52,1813.23,3.6562,198.83,544.44,1.6250,800.55,1,93.3
41042,-12.2850,1.5225,12.8450,17.8391,15.62,-6.71,442.86,443.19,442.86,4993.92,4.4688,93.51,292.01,1.6250,954.10,1,93.8
41142,4.0250,-0.9100,5.3900,6.7883,-48.43,22.20,474.21,477.20,474.21,889.05,4.4688,93.51,292.01,1.6250,954.10,1,93.8
41242,-4.6550,1.3650,-12.6175,13.5179,-30.99,17.08,472.02,473.34,472.02,1836.82,4.4688,93.51,292.01,1.6250,954.10,1,93.8
41342,5.6175,5.8975,-41.3350,42.1298,-16.84,2.68,505.57,505.86,505.57,2876.79,4.4688,93.51,292.01,1.6250,954.10,1,93.8
41442,-11.2700,-2.1175,-44.4850,45.9392,-19.03,-43.68,483.00,485.34,483.00,1400.98,4.4688,93.51,292.01,1.6250,954.10,1,93.8
41542,0.5425,5.5475,-34.0725,34.5254,-15.86,-74.66,521.67,527.23,521.67,3721.06,4.4688,93.51,292.01,1.6250,954.10,1,93.8
41642,12.2325,15.0850,-22.7500,29.9124,-33.55,-66.00,480.07,485.75,480.07,68.15,4.4688,93.51,292.01,1.6250,954.10,1,93.8
41742,4.6200,5.5475,-12.8625,14.7500,72.59,-108.82,503.62,520.33,503.62,1689.85,4.4688,93.51,292.01,1.6250,954.10,1,93.8
41842,0.6300,5.6350,6.2125,8.4110,-8.05,-66.49,472.26,476.99,472.26,500.78,4.4688,93.51,292.01,1.6250,954.10,1,93.8
41942,4.3225,-7.0700,17.4125,19.2838,-8.30,-48.56,447.37,450.08,447.37,1387.47,4.4688,93.51,292.01,1.6250,954.10,1,93.8
42042,-1.0325,-9.3450,24.5525,26.2911,32.45,-33.79,430.17,432.72,430.17,2845.92,4.4688,93.51,292.01,1.6250,954.10,1,93.8
42142,4.7250,2.1525,28.3150,28.7871,55.63,-24.28,458.35,462.36,458.35,998.93,4.4688,93.51,292.01,1.6250,954.10,1,93.8
42242,14.1925,3.3775,22.7150,26.9964,51.00,-15.98,551.07,553.66,551.07,920.59,4.4688,93.51,292.01,1.6250,954.10,1,93.8
42342,-4.6025,11.1300,33.6875,35.7758,40.99,20.62,486.17,488.33,486.17,268.75,4.4688,93.51,292.01,1.6250,954.10,1,93.8
42442,4.5500,6.7900,19.6000,21.2360,19.89,28.55,497.15,498.37,497.15,2030.69,4.4688,93.51,292.01,1.6250,954.10,1,93.8
42542,-5.2850,-0.9450,13.1775,14.2292,-24.89,32.09,496.42,498.08,496.42,1514.95,4.4688,93.51,292.01,1.6250,954.10,1,93.8
42642,-4.6725,0.4200,-5.0925,6.9240,-58.80,44.41,470.68,476.41,470.68,1158.49,4.4688,93.51,292.01,1.6250,954.10,1,93.8
42742,-13.3525,-10.5350,-28.5250,33.2107,-29.77,5.37,465.55,466.53,465.55,906.40,4.4688,93.51,292.01,1.6250,954.10,1,93.8
42842,-12.0400,-11.0600,-36.5575,40.0467,-35.75,-25.74,531.80,533.62,531.80,1854.38,4.4688,93.51,292.01,1.6250,954.10,1,93.8
42942,-5.3375,-6.4925,-40.1800,41.0497,-81.13,-15.25,482.63,489.64,482.63,241.78,4.4688,93.51,292.01,1.6250,954.10,1,93.8
43042,6.0725,-3.0975,-34.0025,34.6791,-57.58,-71.98,477.02,485.84,477.02,708.15,4.4688,93.51,292.01,1.6250,954.10,1,93.8
43142,-15.3650,-10.6925,-38.7625,43.0458,-49.78,-70.52,388.81,398.28,388.81,1085.30,4.4688,93.51,292.01,1.6250,954.10,1,93.8
43242,-3.2725,-1.2250,-48.8775,49.0022,156.65,-134.57,565.59,602.11,565.59,3237.26,4.4688,93.51,292.01,1.6250,954.10,1,93.8
43342,89.1800,46.9000,-19.3725,102.6059,80.89,10.37,446.15,453.55,446.15,9607.63,4.4688,93.51,292.01,1.6250,954.10,1,93.8
43442,14.7000,11.7600,28.0000,33.7400,38.55,78.20,472.75,480.72,472.75,2853.60,4.4688,93.51,292.01,1.6250,954.10,1,93.8
43542,12.4775,24.8850,22.9775,36.0959,-2.81,49.78,538.26,540.57,538.26,624.52,4.4688,93.51,292.01,1.6250,954.10,1,93.8
43642,7.4550,27.2825,14.8750,31.9559,-25.62,43.92,486.17,488.82,486.17,1302.84,4.8750,136.67,436.00,1.2188,740.53,1,94.1
43742,-5.8975,4.3050,-9.0300,11.6127,-1.59,43.55,410.90,413.20,410.90,5749.38,4.8750,136.67,436.00,1.2188,740.53,1,94.1
43842,-15.8900,11.9175,-4.7950,20.4331,-27.21,30.13,459.09,460.88,459.09,1406.03,4.8750,136.67,436.00,1.2188,740.53,1,94.1
43942,-14.6475,-4.8300,-22.3825,27.1819,-44.77,21.96,487.88,490.42,487.88,177.93,4.8750,136.67,436.00,1.2188,740.53,1,94.1
44042,-1.1900,32.7425,-31.6225,45.5354,40.99,19.03,453.47,455.72,453.47,1922.51,4.8750,136.67,436.00,1.2188,740.53,1,94.1
44142,78.0150,-52.1675,-17.2550,95.4229,121.51,40.87,418.46,437.66,418.46,8869.07,4.8750,136.67,436.00,1.2188,740.53,1,94.1
44242,-7.5600,-12.4600,1.2600,14.6285,7.81,-41.24,468.36,470.23,468.36,1195.49,4.8750,136.67,436.00,1.2188,740.53,1,94.1
44342,0.2100,-0.8575,0.0000,0.8828,16.96,-28.91,493.86,494.99,493.86,55.99,4.8750,136.67,436.00,1.2188,740.53,1,94.1
44442,0.4200,-0.5950,0.0175,0.7285,16.71,-29.04,494.22,495.36,494.22,15.05,4.8750,136.67,436.00,1.2188,740.53,1,94.1
44542,0.4200,-0.5600,0.0525,0.7020,16.96,-29.52,495.08,496.25,495.08,38.24,4.8750,136.67,436.00,1.2188,740.53,1,94.1
44642,0.3500,-0.6300,0.0000,0.7207,15.86,-29.77,495.56,496.71,495.56,32.85,4.8750,136.67,436.00,1.2188,740.53,1,94.1
44742,0.2275,-0.5600,-2.6250,2.6937,17.32,-26.47,495.44,496.45,495.44,31.32,4.8750,136.67,436.00,1.2188,740.53,1,94.1
44842,0.3675,-0.6300,0.0700,0.7327,16.10,-28.30,495.44,496.51,495.44,22.67,4.8750,136.67,436.00,1.2188,740.53,1,94.1
44942,0.1050,-0.3675,0.0875,0.3921,15.13,-28.91,473.97,475.09,473.97,2183.65,4.8750,136.67,436.00,1.2188,740.53,1,94.1
45042,2.4150,0.4025,-1.0325,2.6571,9.88,-34.16,527.89,529.09,527.89,5384.23,4.8750,136.67,436.00,1.2188,740.53,1,94.1
45142,0.5600,-0.5250,0.0175,0.7678,18.18,-32.33,497.88,499.26,497.88,794.66,4.8750,136.67,436.00,1.2188,740.53,1,94.1
45242,0.4900,-0.5775,0.1400,0.7702,17.32,-29.40,495.08,496.25,495.08,136.75,4.8750,136.67,436.00,1.2188,740.53,1,94.1
45342,0.4025,-0.5775,0.0700,0.7074,15.98,-28.18,495.69,496.74,495.69,10.62,4.8750,136.67,436.00,1.2188,740.53,1,94.1
45442,0.4025,-0.6125,0.0700,0.7362,14.52,-30.01,495.56,496.68,495.56,95.48,4.8750,136.67,436.00,1.2188,740.53,1,94.1
45542,0.4200,-0.5775,0.1050,0.7218,16.59,-29.65,495.81,496.97,495.81,114.16,4.8750,136.67,436.00,1.2188,740.53,1,94.1
45642,0.3675,-0.5600,0.0350,0.6707,15.98,-28.79,496.66,497.75,496.66,136.01,4.8750,136.67,436.00,1.2188,740.53,1,94.1
45742,0.4200,-0.6125,0.0700,0.7460,16.35,-30.13,496.66,497.84,496.66,3.20,4.8750,136.67,436.00,1.2188,740.53,1,94.1
45842,0.3675,-0.2975,-2.3100,2.3579,15.86,-30.62,496.66,497.86,496.66,93.65,4.8750,136.67,436.00,1.2188,740.53,1,94.1
45942,0.4200,-0.5600,0.1050,0.7078,16.59,-29.28,495.32,496.46,495.32,34.37,4.8750,136.67,436.00,1.2188,740.53,1,94.1
46042,0.3850,-0.5950,0.0350,0.7096,15.98,-29.89,495.20,496.36,495.20,96.55,4.8750,136.67,436.00,1.2188,740.53,1,94.1
46142,0.4025,-0.6300,0.0350,0.7484,15.37,-29.77,496.17,497.30,496.17,9.60,3.6562,257.20,998.09,0.4062,1117.55,1,94.4
46242,0.4025,-0.5775,0.0875,0.7093,16.10,-29.28,495.56,496.69,495.56,104.52,3.6562,257.20,998.09,0.4062,1117.55,1,94.4
46342,0.4375,-0.5950,0.0525,0.7404,16.35,-29.77,496.30,497.46,496.30,61.87,3.6562,257.20,998.09,0.4062,1117.55,1,94.4
46442,0.4550,-0.5600,0.0350,0.7224,16.23,-29.77,495.93,497.09,495.93,27.64,3.6562,257.20,998.09,0.4062,1117.55,1,94.4
46542,0.4025,-0.6300,0.0875,0.7527,15.01,-29.89,495.81,496.93,495.81,85.62,3.6562,257.20,998.09,0.4062,1117.55,1,94.4
46642,0.4025,-0.5775,0.0700,0.7074,15.86,-29.16,495.56,496.67,495.56,49.56,3.6562,257.20,998.09,0.4062,1117.55,1,94.4
46742,0.4200,-0.5250,-0.1400,0.6867,15.98,-29.65,495.69,496.83,495.69,61.20,3.6562,257.20,998.09,0.4062,1117.55,1,94.4
46842,0.4725,-0.5775,0.0875,0.7513,15.98,-29.40,496.30,497.42,496.30,19.94,3.6562,257.20,998.09,0.4062,1117.55,1,94.4
46942,0.4200,-0.6300,0.0875,0.7622,16.10,-29.40,495.81,496.94,495.81,7.15,3.6562,257.20,998.09,0.4062,1117.55,1,94.4
47042,0.4025,-0.6125,0.0875,0.7381,17.08,-29.04,495.81,496.95,495.81,23.48,3.6562,257.20,998.09,0.4062,1117.55,1,94.4
47142,0.4025,-0.6125,0.0875,0.7381,14.88,-30.13,495.93,497.07,495.93,65.16,3.6562,257.20,998.09,0.4062,1117.55,1,94.4
47242,0.3850,-0.6125,0.0700,0.7268,15.98,-30.38,496.17,497.36,496.17,2.17,3.6562,257.20,998.09,0.4062,1117.55,1,94.4
47342,0.4025,-0.6125,0.0875,0.7381,16.35,-29.77,495.93,497.09,495.93,22.72,3.6562,257.20,998.09,0.4062,1117.55,1,94.4
47442,0.4375,-0.6125,0.0700,0.7560,16.10,-29.65,495.56,496.71,495.56,61.26,3.6562,257.20,998.09,0.4062,1117.55,1,94.4
47542,0.4200,-0.6125,0.0875,0.7478,15.25,-30.13,495.69,496.84,495.69,116.86,3.6562,257.20,998.09,0.4062,1117.55,1,94.4
47642,0.4025,-0.5950,0.0700,0.7218,16.35,-29.52,496.05,497.20,496.05,29.77,3.6562,257.20,998.09,0.4062,1117.55,1,94.4
47742,0.4200,-0.6300,0.0875,0.7622,15.86,-30.13,494.83,496.00,494.83,55.64,3.6562,257.20,998.09,0.4062,1117.55,1,94.4
47842,0.4550,-0.6300,0.0875,0.7820,15.25,-29.77,495.69,496.81,495.69,9.97,3.6562,257.20,998.09,0.4062,1117.55,1,94.4
47942,0.5250,0.2800,-10.2725,10.2897,22.08,-33.92,494.59,496.24,494.59,43.48,3.6562,257.20,998.09,0.4062,1117.55,1,94.4
48042,0.4375,-0.5950,0.0700,0.7418,15.74,-30.26,496.30,497.47,496.30,86.00,3.6562,257.20,998.09,0.4062,1117.55,1,94.4
48142,0.3850,-0.5950,0.0525,0.7106,15.86,-29.28,495.81,496.92,495.81,60.09,3.6562,257.20,998.09,0.4062,1117.55,1,94.4
48242,0.4200,-0.5600,0.0875,0.7054,15.74,-29.65,495.32,496.46,495.32,79.49,3.6562,257.20,998.09,0.4062,1117.55,1,94.4
48342,0.4025,-0.6125,0.1050,0.7404,14.27,-30.26,496.30,497.42,496.30,122.81,3.6562,257.20,998.09,0.4062,1117.55,1,94.4
48442,0.3850,-0.5950,0.0525,0.7106,15.49,-30.01,495.93,497.08,495.93,5.99,3.6562,257.20,998.09,0.4062,1117.55,1,94.4
48542,0.4025,-0.5775,0.0875,0.7093,15.74,-29.65,496.66,497.79,496.66,102.46,3.6562,257.20,998.09,0.4062,1117.55,1,94.4
48642,0.4375,-0.6125,0.1225,0.7626,15.62,-29.77,495.93,497.07,495.93,11.63,3.6562,257.20,998.09,0.4062,1117.55,1,94.4
48742,0.4725,-0.5775,0.1225,0.7562,15.86,-29.52,495.44,496.57,495.44,34.82,3.6562,24.69,107.83,0.8125,26.20,1,89.5
48842,0.4550,-0.6475,0.0700,0.7945,16.47,-30.38,496.05,497.25,496.05,22.40,3.6562,24.69,107.83,0.8125,26.20,1,89.5
48942,0.4375,-0.6300,0.1050,0.7742,14.88,-28.91,496.66,497.73,496.66,106.78,3.6562,24.69,107.83,0.8125,26.20,1,89.5
49042,0.4375,-0.6300,0.0700,0.7702,16.35,-30.38,495.93,497.13,495.93,11.33,3.6562,24.69,107.83,0.8125,26.20,1,89.5
49142,0.3850,-0.6475,0.0700,0.7566,16.23,-29.16,495.93,497.05,495.93,14.27,3.6562,24.69,107.83,0.8125,26.20,1,89.5
49242,0.4200,-0.5950,0.0875,0.7335,15.74,-28.91,496.66,497.75,496.66,3.37,3.6562,24.69,107.83,0.8125,26.20,1,89.5
49342,0.4200,-0.5775,0.0175,0.7143,16.59,-30.87,495.32,496.56,495.32,48.97,3.6562,24.69,107.83,0.8125,26.20,1,89.5
49442,0.4025,-0.5950,0.1050,0.7260,15.86,-28.91,496.05,497.15,496.05,23.72,3.6562,24.69,107.83,0.8125,26.20,1,89.5
49542,0.4025,-0.5950,0.0875,0.7237,15.74,-29.77,497.15,498.29,497.15,108.08,3.6562,24.69,107.83,0.8125,26.20,1,89.5
49642,0.4200,-0.6475,0.1225,0.7814,15.98,-29.40,495.81,496.94,495.81,13.14,3.6562,24.69,107.83,0.8125,26.20,1,89.5
49742,0.4200,-0.6300,0.0700,0.7604,15.25,-28.79,495.44,496.51,495.44,230.27,3.6562,24.69,107.83,0.8125,26.20,1,89.5
49842,0.4025,-0.5950,0.0700,0.7218,14.64,-29.28,497.27,498.35,497.27,185.73,3.6562,24.69,107.83,0.8125,26.20,1,89.5
49942,0.4200,-0.5950,0.0875,0.7335,15.86,-29.52,495.81,496.94,495.81,3.71,3.6562,24.69,107.83,0.8125,26.20,1,89.5
50042,0.4375,-0.5950,0.0350,0.7394,16.10,-29.40,496.30,497.43,496.30,33.27,3.6562,24.69,107.83,0.8125,26.20,1,89.5
50142,0.3675,-0.6125,0.0875,0.7196,16.59,-30.01,495.93,497.11,495.93,69.29,3.6562,24.69,107.83,0.8125,26.20,1,89.5
50242,0.4375,-0.6125,0.0875,0.7578,15.37,-29.52,496.66,497.78,496.66,122.92,3.6562,24.69,107.83,0.8125,26.20,1,89.5
50342,0.4200,-0.6125,0.1050,0.7501,14.27,-28.91,495.69,496.73,495.69,16.11,3.6562,24.69,107.83,0.8125,26.20,1,89.5
50442,0.4200,-0.6125,0.0875,0.7478,14.03,-30.01,495.44,496.55,495.44,131.67,3.6562,24.69,107.83,0.8125,26.20,1,89.5
50542,0.4200,-0.5775,0.0875,0.7194,15.25,-29.77,496.42,497.54,496.42,38.32,3.6562,24.69,107.83,0.8125,26.20,1,89.5
50642,0.4200,-0.5600,0.0875,0.7054,15.62,-29.52,495.69,496.81,495.69,66.08,3.6562,24.69,107.83,0.8125,26.20,1,89.5
50742,0.4200,-0.5600,0.0350,0.7009,15.13,-29.77,496.78,497.90,496.78,64.57,3.6562,24.69,107.83,0.8125,26.20,1,89.5
50842,0.4550,-0.5950,0.0350,0.7499,15.98,-30.01,496.78,497.95,496.78,73.42,3.6562,24.69,107.83,0.8125,26.20,1,89.5
50942,0.3675,-0.6125,0.0875,0.7196,16.10,-31.23,496.78,498.03,496.78,23.38,3.6562,24.69,107.83,0.8125,26.20,1,89.5
51042,0.4025,-0.5600,0.0875,0.6952,16.23,-30.01,495.93,497.10,495.93,9.41,3.6562,24.69,107.83,0.8125,26.20,1,89.5
51142,0.3850,-0.6300,0.0700,0.7416,15.62,-29.04,495.20,496.29,495.20,167.22,3.6562,24.69,107.83,0.8125,26.20,1,89.5
51244,0.4375,-0.6300,0.0700,0.7702,15.74,-30.26,497.03,498.20,497.03,190.29,5.6875,0.29,1.02,8.9375,0.64,1,85.0
51342,0.4200,-0.5775,0.0525,0.7160,16.96,-29.40,496.42,497.58,496.42,159.29,5.6875,0.29,1.02,8.9375,0.64,1,85.0
51442,0.3850,-0.6300,0.0700,0.7416,16.47,-30.87,494.83,496.07,494.83,66.49,5.6875,0.29,1.02,8.9375,0.64,1,85.0
51542,0.7000,-0.1925,-2.5375,2.6393,18.18,-29.40,496.17,497.38,496.17,125.15,5.6875,0.29,1.02,8.9375,0.64,1,85.0
51642,0.4375,-0.6125,0.0700,0.7560,16.10,-30.01,496.05,497.22,496.05,31.31,5.6875,0.29,1.02,8.9375,0.64,1,85.0
51742,0.4025,-0.6125,0.0875,0.7381,14.88,-29.16,496.91,497.98,496.91,133.17,5.6875,0.29,1.02,8.9375,0.64,1,85.0
51842,0.4550,-0.5600,0.1050,0.7291,15.13,-28.91,495.56,496.64,495.56,69.65,5.6875,0.29,1.02,8.9375,0.64,1,85.0
51942,0.4375,-0.6125,0.1050,0.7600,15.86,-29.04,495.93,497.03,495.93,21.13,5.6875,0.29,1.02,8.9375,0.64,1,85.0
52042,0.4375,-0.5950,0.1050,0.7460,15.37,-29.52,496.17,497.29,496.17,3.96,5.6875,0.29,1.02,8.9375,0.64,1,85.0
52142,0.4025,-0.5950,0.0875,0.7237,16.84,-30.13,496.54,497.74,496.54,13.64,5.6875,0.29,1.02,8.9375,0.64,1,85.0
52242,0.4025,-0.6125,0.0875,0.7381,17.08,-30.50,495.69,496.92,495.69,78.63,5.6875,0.29,1.02,8.9375,0.64,1,85.0
52342,0.4025,-0.5425,0.0875,0.6812,15.37,-29.77,497.52,498.64,497.52,206.79,5.6875,0.29,1.02,8.9375,0.64,1,85.0
52442,0.3850,-0.5775,0.0700,0.6976,15.25,-29.89,496.66,497.79,496.66,7.93,5.6875,0.29,1.02,8.9375,0.64,1,85.0
52542,0.4200,-0.6300,0.0350,0.7580,14.03,-29.40,494.47,495.54,494.47,106.70,5.6875,0.29,1.02,8.9375,0.64,1,85.0
52642,0.4200,-0.5425,0.1050,0.6941,15.01,-29.40,496.17,497.27,496.17,36.89,5.6875,0.29,1.02,8.9375,0.64,1,85.0
52742,0.4550,-0.6125,0.0700,0.7662,16.23,-29.77,496.30,497.45,496.30,2.30,5.6875,0.29,1.02,8.9375,0.64,1,85.0
52842,0.4025,-0.5950,0.0700,0.7218,15.86,-29.65,496.54,497.68,496.54,74.80,5.6875,0.29,1.02,8.9375,0.64,1,85.0
52942,0.3500,-0.5775,0.0875,0.6809,14.88,-30.38,495.32,496.47,495.32,163.52,5.6875,0.29,1.02,8.9375,0.64,1,85.0
53042,0.3850,-0.6125,0.1050,0.7310,16.59,-30.01,496.42,497.60,496.42,23.76,5.6875,0.29,1.02,8.9375,0.64,1,85.0
53142,0.4025,-0.5775,0.1050,0.7117,15.13,-29.04,496.54,497.62,496.54,103.00,5.6875,0.29,1.02,8.9375,0.64,1,85.0
53242,0.4200,-0.5950,0.0525,0.7302,15.25,-29.04,495.81,496.89,495.81,71.57,5.6875,0.29,1.02,8.9375,0.64,1,85.0
53342,0.4200,-0.6300,0.0700,0.7604,14.64,-28.06,497.52,498.52,497.52,92.87,5.6875,0.29,1.02,8.9375,0.64,1,85.0
53442,0.4375,-0.5425,0.1225,0.7076,15.25,-28.67,496.42,497.48,496.42,31.17,5.6875,0.29,1.02,8.9375,0.64,1,85.0
53542,0.4375,-0.6125,0.0700,0.7560,15.86,-29.04,496.05,497.15,496.05,8.59,5.6875,0.29,1.02,8.9375,0.64,1,85.0
53642,0.4025,-0.5775,0.1225,0.7145,15.49,-29.65,496.17,497.30,496.17,11.16,5.6875,0.29,1.02,8.9375,0.64,1,85.0
53742,0.4200,-0.5775,0.0875,0.7194,16.59,-29.89,496.05,497.23,496.05,15.96,5.6875,0.29,1.02,8.9375,0.64,1,85.0
53842,0.3675,-0.5600,0.0875,0.6755,15.25,-29.52,497.27,498.38,497.27,120.40,3.6562,4.53,23.32,0.4062,10.79,0,81.0
53942,0.4725,-0.5950,0.1050,0.7670,15.74,-30.38,497.03,498.20,497.03,2.77,3.6562,4.53,23.32,0.4062,10.79,0,81.0
54042,0.4025,-0.5950,0.0875,0.7237,16.96,-30.26,495.93,497.14,495.93,64.96,3.6562,4.53,23.32,0.4062,10.79,0,81.0
54142,0.3850,-0.6300,0.0525,0.7402,15.01,-29.89,497.64,498.76,497.64,99.13,3.6562,4.53,23.32,0.4062,10.79,0,81.0
54242,0.3850,-0.5600,0.0350,0.6805,15.13,-29.40,496.78,497.88,496.78,74.06,3.6562,4.53,23.32,0.4062,10.79,0,81.0
54342,0.4025,-0.5775,0.1225,0.7145,15.01,-29.16,495.69,496.77,495.69,184.09,3.6562,4.53,23.32,0.4062,10.79,0,81.0
54442,0.4725,-0.5600,0.0525,0.7346,15.13,-29.52,497.27,498.38,497.27,73.95,3.6562,4.53,23.32,0.4062,10.79,0,81.0
54542,0.4200,-0.5950,0.0350,0.7291,15.49,-28.67,497.27,498.34,497.27,138.16,3.6562,4.53,23.32,0.4062,10.79,0,81.0
54642,0.3850,-0.5775,0.1050,0.7020,15.98,-29.28,496.42,497.54,496.42,2.97,3.6562,4.53,23.32,0.4062,10.79,0,81.0
54742,0.4200,-0.5775,0.0875,0.7194,15.74,-29.28,497.15,498.26,497.15,24.79,3.6562,4.53,23.32,0.4062,10.79,0,81.0
54842,0.4550,-0.5950,0.0175,0.7492,15.98,-29.52,496.17,497.31,496.17,45.03,3.6562,4.53,23.32,0.4062,10.79,0,81.0
54942,0.4025,-0.5600,0.1225,0.7004,16.10,-29.28,495.56,496.69,495.56,134.89,3.6562,4.53,23.32,0.4062,10.79,0,81.0
55042,0.3850,-0.5775,0.0875,0.6996,16.10,-30.13,496.42,497.59,496.42,18.38,3.6562,4.53,23.32,0.4062,10.79,0,81.0
55142,0.4200,-0.5950,0.1400,0.7416,16.47,-30.62,495.81,497.03,495.81,9.02,3.6562,4.53,23.32,0.4062,10.79,0,81.0
55242,0.4025,-0.6475,0.0875,0.7674,15.49,-29.40,496.17,497.29,496.17,64.12,3.6562,4.53,23.32,0.4062,10.79,0,81.0
55342,0.4550,-0.5950,0.1050,0.7564,16.10,-28.91,497.15,498.25,497.15,87.93,3.6562,4.53,23.32,0.4062,10.79,0,81.0
55442,0.4200,-0.5950,0.0700,0.7317,15.49,-28.91,496.17,497.26,496.17,103.14,3.6562,4.53,23.32,0.4062,10.79,0,81.0
55542,0.4375,-0.5950,0.0875,0.7437,15.25,-29.77,495.56,496.69,495.56,44.70,3.6562,4.53,23.32,0.4062,10.79,0,81.0
55642,0.4025,-0.5950,0.0700,0.7218,15.49,-30.38,495.69,496.86,495.69,52.84,3.6562,4.53,23.32,0.4062,10.79,0,81.0
55742,0.3850,-0.5775,0.0700,0.6976,16.10,-29.77,495.32,496.47,495.32,70.33,3.6562,4.53,23.32,0.4062,10.79,0,81.0
55842,0.4375,-0.5775,0.1050,0.7321,15.01,-29.77,496.30,497.41,496.30,39.51,3.6562,4.53,23.32,0.4062,10.79,0,81.0
55942,0.4025,-0.5950,0.0700,0.7218,15.98,-29.89,496.78,497.94,496.78,172.34,3.6562,4.53,23.32,0.4062,10.79,0,81.0
56042,0.4375,-0.6125,0.0875,0.7578,16.10,-31.11,494.95,496.19,494.95,105.46,3.6562,4.53,23.32,0.4062,10.79,0,81.0
56142,0.4200,-0.5425,0.0875,0.6916,17.08,-29.65,495.93,497.11,495.93,23.87,3.6562,4.53,23.32,0.4062,10.79,0,81.0
56242,0.4200,-0.6125,0.1050,0.7501,15.74,-29.52,496.42,497.54,496.42,74.86,3.6562,4.53,23.32,0.4062,10.79,0,81.0
56342,0.4200,-0.6125,0.1225,0.7527,15.49,-28.43,496.05,497.11,496.05,77.08,3.6562,4.53,23.32,0.4062,10.79,0,81.0
56442,0.4025,-0.5775,0.0875,0.7093,16.23,-29.40,495.56,496.70,495.56,60.06,3.6562,0.68,2.18,3.6562,0.68,0,77.3
56542,0.4025,-0.5775,0.0350,0.7048,15.49,-30.74,495.44,496.64,495.44,14.51,3.6562,0.68,2.18,3.6562,0.68,0,77.3
56642,0.4025,-0.6475,0.1050,0.7696,16.59,-29.77,495.81,496.98,495.81,52.63,3.6562,0.68,2.18,3.6562,0.68,0,77.3
56742,0.3850,-0.6475,0.0700,0.7566,16.71,-29.77,496.78,497.96,496.78,80.54,3.6562,0.68,2.18,3.6562,0.68,0,77.3
56842,0.3850,-0.5775,0.1050,0.7020,16.23,-29.28,495.81,496.94,495.81,39.02,3.6562,0.68,2.18,3.6562,0.68,0,77.3
56942,0.4375,-0.5600,0.0875,0.7160,15.49,-29.52,495.20,496.32,495.20,130.06,3.6562,0.68,2.18,3.6562,0.68,0,77.3
57042,0.4375,-0.5775,0.0875,0.7298,16.71,-29.65,497.64,498.80,497.64,175.76,3.6562,0.68,2.18,3.6562,0.68,0,77.3
57142,0.3850,-0.6475,0.0875,0.7584,16.47,-30.01,496.05,497.23,496.05,97.09,3.6562,0.68,2.18,3.6562,0.68,0,77.3
57242,0.4200,-0.6125,0.0875,0.7478,14.76,-30.13,495.81,496.94,495.81,0.37,3.6562,0.68,2.18,3.6562,0.68,0,77.3
57342,0.4550,-0.6125,0.1225,0.7728,15.01,-29.52,495.81,496.91,495.81,61.96,3.6562,0.68,2.18,3.6562,0.68,0,77.3
57442,0.4025,-0.5600,0.0700,0.6932,15.01,-30.87,496.30,497.48,496.30,10.60,3.6562,0.68,2.18,3.6562,0.68,0,77.3
57542,0.3850,-0.5775,0.0700,0.6976,15.49,-28.91,495.81,496.89,495.81,92.92,3.6562,0.68,2.18,3.6562,0.68,0,77.3
57642,0.4200,-0.5600,0.0875,0.7054,14.76,-30.62,495.32,496.49,495.32,137.74,3.6562,0.68,2.18,3.6562,0.68,0,77.3
57742,0.4025,-0.5950,0.0700,0.7218,14.88,-29.65,495.81,496.92,495.81,29.88,3.6562,0.68,2.18,3.6562,0.68,0,77.3
57842,0.4025,-0.6125,0.1050,0.7404,14.88,-29.28,495.44,496.53,495.44,50.15,3.6562,0.68,2.18,3.6562,0.68,0,77.3
57942,0.4375,-0.5950,0.0700,0.7418,14.88,-28.91,496.66,497.73,496.66,149.06,3.6562,0.68,2.18,3.6562,0.68,0,77.3
58042,0.4200,-0.6125,0.0700,0.7460,15.62,-29.52,495.81,496.93,495.81,22.51,3.6562,0.68,2.18,3.6562,0.68,0,77.3
58142,0.3850,-0.5950,0.0875,0.7141,15.74,-29.77,495.44,496.58,495.44,2.21,3.6562,0.68,2.18,3.6562,0.68,0,77.3
58242,0.4200,-0.6125,0.0875,0.7478,15.98,-30.62,495.20,496.40,495.20,39.01,3.6562,0.68,2.18,3.6562,0.68,0,77.3
