SWV ITM Data Console - ITM Port: 0

=== PARKINSON TREMOR MONITOR ===
IMU init... OK
FFT INIT STATUS: 0
TIME_MS,GX_DPS,GY_DPS,GZ_DPS,GYRO_MAG,AX_MG,AY_MG,AZ_MG,ACCEL_MAG,ACCEL_VERT,JERK_MG_S,DOMINANT_HZ,PEAK_FFT_MAG,BAND_ENERGY,GLOBAL_HZ,GLOBAL_MAG,TREMOR,TREMOR_PCT
142,0.0350,4.3225,1.3300,4.5226,20.62,-18.67,502.15,502.92,502.15,2293.58,0.0000,0.00,0.00,0.0000,0.00,0,0.0
242,0.2625,1.4525,-0.8050,1.6813,17.57,-26.72,499.47,500.49,499.47,56.41,0.0000,0.00,0.00,0.0000,0.00,0,0.0
342,-0.4900,3.4650,0.8925,3.6115,8.42,-31.84,483.49,484.61,483.49,74.10,0.0000,0.00,0.00,0.0000,0.00,0,0.0
442,0.2800,2.2925,0.9450,2.4954,9.52,-35.14,501.18,502.50,501.18,247.12,0.0000,0.00,0.00,0.0000,0.00,0,0.0
542,-0.2800,1.2425,1.1900,1.7431,7.56,-35.75,516.06,517.35,516.06,2435.37,0.0000,0.00,0.00,0.0000,0.00,0,0.0
642,0.0700,1.3300,2.1350,2.5164,10.49,-35.38,498.37,499.73,498.37,433.32,0.0000,0.00,0.00,0.0000,0.00,0,0.0
742,1.4700,0.4550,2.0475,2.5613,22.81,-35.14,508.62,510.34,508.62,1342.31,0.0000,0.00,0.00,0.0000,0.00,0,0.0
842,0.3150,-0.3325,-0.4025,0.6097,10.61,-31.72,497.39,498.52,497.39,223.91,0.0000,0.00,0.00,0.0000,0.00,0,0.0
942,-0.1400,0.0525,0.5425,0.5627,19.03,-28.91,492.76,493.97,492.76,1765.23,0.0000,0.00,0.00,0.0000,0.00,0,0.0
1042,1.5925,-1.4700,1.4875,2.6286,15.37,-35.38,517.77,519.20,517.77,734.15,0.0000,0.00,0.00,0.0000,0.00,0,0.0
1142,1.3650,-0.9625,1.8025,2.4574,21.47,-26.72,503.86,505.02,503.86,1612.05,0.0000,0.00,0.00,0.0000,0.00,0,0.0
1242,-0.2275,-0.5250,0.1750,0.5983,6.10,-30.74,484.10,485.11,484.10,285.34,0.0000,0.00,0.00,0.0000,0.00,0,0.0
1342,-0.6125,-1.1200,0.1050,1.2809,9.15,-33.31,492.27,493.48,492.27,549.40,0.0000,0.00,0.00,0.0000,0.00,0,0.0
1442,1.3825,-5.8275,-0.8225,6.0455,10.61,-34.53,508.01,509.29,508.01,248.07,0.0000,0.00,0.00,0.0000,0.00,0,0.0
1542,1.2775,-1.6275,-0.6300,2.1628,9.39,-37.58,513.25,514.71,513.25,658.71,0.0000,0.00,0.00,0.0000,0.00,0,0.0
1642,0.7700,-2.5725,0.8750,2.8242,12.20,-30.74,502.40,503.48,502.40,324.60,0.0000,0.00,0.00,0.0000,0.00,0,0.0
1742,0.8925,-2.0475,0.7175,2.3460,20.98,-30.50,506.91,508.26,506.91,367.81,0.0000,0.00,0.00,0.0000,0.00,0,0.0
1842,1.0850,-0.3675,0.3325,1.1928,13.54,-31.35,492.76,493.94,492.76,88.28,0.0000,0.00,0.00,0.0000,0.00,0,0.0
1942,-0.2800,-1.1025,0.3500,1.1901,0.12,-35.26,474.21,475.52,474.21,1631.46,0.0000,0.00,0.00,0.0000,0.00,0,0.0
2042,0.0350,1.4175,2.0825,2.5194,9.64,-29.40,486.54,487.52,486.54,855.63,0.0000,0.00,0.00,0.0000,0.00,0,0.0
2142,-0.0350,2.1525,0.4025,2.1901,21.96,-27.33,506.67,507.88,506.67,488.56,0.0000,0.00,0.00,0.0000,0.00,0,0.0
2242,0.3325,4.1125,2.6600,4.9091,9.88,-36.11,511.67,513.04,511.67,1735.15,0.0000,0.00,0.00,0.0000,0.00,0,0.0
2342,0.2800,-1.1900,0.2275,1.2435,11.22,-32.82,493.73,494.95,493.73,506.98,0.0000,0.00,0.00,0.0000,0.00,0,0.0
2442,-0.6125,4.4625,-1.1375,4.6457,15.86,-21.11,486.90,487.62,486.90,793.47,0.0000,0.00,0.00,0.0000,0.00,0,0.0
2542,0.6825,-0.4200,-1.3825,1.5980,19.15,-19.76,486.78,487.56,486.78,102.47,0.0000,0.00,0.00,0.0000,0.00,0,0.0
2642,0.6650,-1.7150,-2.1175,2.8049,21.47,-16.59,482.88,483.64,482.88,485.65,4.8750,27.90,130.94,0.4062,100.83,0,0.0
2742,0.3850,-3.2725,-0.1750,3.2997,12.08,-26.47,492.27,493.13,492.27,271.34,4.8750,27.90,130.94,0.4062,100.83,0,0.0
2842,1.8025,-11.1300,-0.1575,11.2761,25.38,-27.69,496.78,498.20,496.78,1257.86,4.8750,27.90,130.94,0.4062,100.83,0,0.0
2942,-0.6125,-0.5425,1.6800,1.8687,7.32,-44.90,493.00,495.10,493.00,722.18,4.8750,27.90,130.94,0.4062,100.83,0,0.0
3042,-0.1400,1.2600,2.9225,3.1856,5.98,-41.24,498.13,499.87,498.13,50.02,4.8750,27.90,130.94,0.4062,100.83,0,0.0
3142,0.7000,2.5375,2.9225,3.9332,21.72,-30.38,508.37,509.74,508.37,2168.50,4.8750,27.90,130.94,0.4062,100.83,0,0.0
3242,1.2950,1.8200,1.4875,2.6837,33.18,-32.94,513.13,515.26,513.13,1663.93,4.8750,27.90,130.94,0.4062,100.83,0,0.0
3342,2.2050,-10.7975,-2.5725,11.3166,31.48,-31.11,503.86,505.80,503.86,579.00,4.8750,27.90,130.94,0.4062,100.83,0,0.0
3442,20.9825,13.9825,1.6975,25.2717,21.96,-22.33,530.82,531.74,530.82,2245.87,4.8750,27.90,130.94,0.4062,100.83,0,0.0
3542,-12.1975,3.8850,1.3300,12.8702,34.77,-16.71,500.20,501.69,500.20,1761.51,4.8750,27.90,130.94,0.4062,100.83,0,0.0
3642,0.2975,-2.2750,-1.5225,2.7536,10.49,-18.30,483.00,483.46,483.00,1268.22,4.8750,27.90,130.94,0.4062,100.83,0,0.0
3742,1.2775,-1.8550,1.2775,2.5894,-0.24,-31.84,492.39,493.42,492.39,11.76,4.8750,27.90,130.94,0.4062,100.83,0,0.0
3842,-0.5425,2.5375,-2.6600,3.7160,5.37,-33.43,512.89,514.00,512.89,852.29,4.8750,27.90,130.94,0.4062,100.83,0,0.0
3942,1.2075,-9.6600,-0.2975,9.7397,14.27,-30.62,497.76,498.91,497.76,737.33,4.8750,27.90,130.94,0.4062,100.83,0,0.0
4042,1.1900,-5.3550,-0.7875,5.5419,29.52,-25.38,503.98,505.48,503.98,247.34,4.8750,27.90,130.94,0.4062,100.83,0,0.0
4142,3.3600,-12.6175,2.9925,13.3957,-6.34,-40.26,496.30,497.97,496.30,2819.17,4.8750,27.90,130.94,0.4062,100.83,0,0.0
4242,1.0675,-6.4400,4.2875,7.8100,17.20,-17.93,490.32,490.95,490.32,3743.84,4.8750,27.90,130.94,0.4062,100.83,0,0.0
4342,0.0175,-1.1375,5.8275,5.9375,10.49,-41.11,504.71,506.49,504.71,312.70,4.8750,27.90,130.94,0.4062,100.83,0,0.0
4442,0.7875,-6.7200,2.7650,7.3092,0.00,-30.13,484.46,485.40,484.46,932.06,4.8750,27.90,130.94,0.4062,100.83,0,0.0
4542,0.0175,7.1750,1.5225,7.3348,15.86,-32.09,509.23,510.48,509.23,1853.49,4.8750,27.90,130.94,0.4062,100.83,0,0.0
4642,1.1725,-7.0350,-1.9775,7.4011,13.54,-32.21,496.17,497.40,496.17,161.05,4.8750,27.90,130.94,0.4062,100.83,0,0.0
4742,2.3100,-7.7700,0.3500,8.1137,9.88,-26.35,499.71,500.50,499.71,268.02,4.8750,27.90,130.94,0.4062,100.83,0,0.0
4842,-0.3675,2.0650,1.7850,2.7542,14.40,-26.11,500.32,501.21,500.32,15.76,4.8750,27.90,130.94,0.4062,100.83,0,0.0
4942,0.8225,1.3650,0.2275,1.6098,5.00,-35.50,507.40,508.66,507.40,376.13,4.8750,27.90,130.94,0.4062,100.83,0,0.0
5042,1.4350,-6.4225,-3.1675,7.3035,2.93,-30.87,498.61,499.58,498.61,712.68,4.8750,27.90,130.94,0.4062,100.83,0,0.0
5142,0.2450,1.0675,-0.4900,1.1999,10.25,-27.45,494.22,495.09,494.22,67.15,4.8750,27.90,130.94,0.4062,100.83,0,0.0
5242,1.3300,-3.3950,-1.0150,3.7849,-0.37,-35.26,503.49,504.73,503.49,326.09,3.6562,95.53,321.92,0.4062,145.12,0,0.0
5342,0.7175,-5.8625,1.2775,6.0428,6.83,-30.99,500.57,501.57,500.57,1104.46,3.6562,95.53,321.92,0.4062,145.12,0,0.0
5442,-0.3325,2.8350,1.1200,3.0663,13.18,-27.45,503.49,504.41,503.49,2224.63,3.6562,95.53,321.92,0.4062,145.12,0,0.0
5542,0.8925,-5.4600,1.8550,5.8352,12.32,-31.72,497.88,499.04,497.88,1481.19,3.6562,95.53,321.92,0.4062,145.12,0,0.0
5642,0.8575,2.9925,1.6800,3.5373,25.38,-30.62,506.91,508.47,506.91,813.96,3.6562,95.53,321.92,0.4062,145.12,0,0.0
5742,0.3150,-2.1525,-1.5750,2.6857,26.23,-26.47,494.47,495.87,494.47,690.45,3.6562,95.53,321.92,0.4062,145.12,0,0.0
5842,0.0350,1.3650,0.0350,1.3659,19.03,-22.57,483.73,484.63,483.73,1301.85,3.6562,95.53,321.92,0.4062,145.12,0,0.0
5942,1.3650,-6.1600,-1.2950,6.4410,24.77,-28.55,498.74,500.17,498.74,907.10,3.6562,95.53,321.92,0.4062,145.12,0,0.0
6042,0.7000,-2.3800,0.3850,2.5105,18.18,-31.60,493.73,495.08,493.73,350.19,3.6562,95.53,321.92,0.4062,145.12,0,0.0
6142,0.4200,1.4525,-1.6450,2.2343,18.06,-25.99,490.93,491.95,490.93,581.34,3.6562,95.53,321.92,0.4062,145.12,0,0.0
6242,0.2275,1.6275,-0.5600,1.7361,16.71,-26.72,504.10,505.09,504.10,430.35,3.6562,95.53,321.92,0.4062,145.12,0,0.0
6342,0.4725,-1.6450,1.0675,2.0171,22.94,-29.04,488.12,489.52,488.12,238.99,3.6562,95.53,321.92,0.4062,145.12,0,0.0
6442,0.7000,-3.9375,0.7175,4.0631,14.52,-28.06,498.13,499.13,498.13,481.50,3.6562,95.53,321.92,0.4062,145.12,0,0.0
6542,0.7700,-1.4350,1.4350,2.1706,9.88,-30.62,493.37,494.42,493.37,32.03,3.6562,95.53,321.92,0.4062,145.12,0,0.0
6642,-0.2975,3.5700,0.0525,3.5828,12.20,-30.50,510.33,511.38,510.33,410.78,3.6562,95.53,321.92,0.4062,145.12,0,0.0
6742,-0.5425,4.2000,0.9975,4.3508,14.03,-30.74,494.71,495.86,494.71,1597.23,3.6562,95.53,321.92,0.4062,145.12,0,0.0
6842,0.3325,-1.8550,1.4350,2.3687,15.86,-30.01,497.88,499.04,497.88,1552.04,3.6562,95.53,321.92,0.4062,145.12,0,0.0
6942,1.0850,3.6925,3.6575,5.3093,20.37,-25.86,509.47,510.53,509.47,1644.40,3.6562,95.53,321.92,0.4062,145.12,0,0.0
7042,1.0150,-1.8725,1.2425,2.4658,16.84,-36.48,509.35,510.93,509.35,698.53,3.6562,95.53,321.92,0.4062,145.12,0,0.0
7142,1.2075,-4.0600,0.3850,4.2532,14.64,-27.45,494.22,495.20,494.22,1157.45,3.6562,95.53,321.92,0.4062,145.12,0,0.0
7242,-0.2100,3.8850,-0.8225,3.9767,27.69,-23.42,481.05,482.41,481.05,447.31,3.6562,95.53,321.92,0.4062,145.12,0,0.0
7342,1.5925,-5.9500,1.3300,6.3014,27.57,-18.91,485.56,486.71,485.56,280.50,3.6562,95.53,321.92,0.4062,145.12,0,0.0
7442,2.6425,-3.7100,0.8925,4.6415,24.52,-25.62,490.68,491.96,490.68,483.33,3.6562,95.53,321.92,0.4062,145.12,0,0.0
7542,0.4725,-0.1925,-2.3800,2.4341,26.96,-24.64,510.20,511.51,510.20,243.90,3.6562,95.53,321.92,0.4062,145.12,0,0.0
7642,1.2950,-5.1450,-0.8925,5.3800,48.07,-37.94,506.54,510.23,506.54,667.81,3.6562,95.53,321.92,0.4062,145.12,0,0.0
7742,-0.1575,0.9450,1.7850,2.0258,22.94,-21.47,496.78,497.78,496.78,36.54,5.2812,35.30,130.17,0.4062,59.07,0,0.0
7842,0.2975,-0.1925,-1.5400,1.5802,18.54,-19.64,504.35,505.07,504.35,3.86,5.2812,35.30,130.17,0.4062,59.07,0,0.0
7942,0.8925,-0.3675,-2.0650,2.2794,26.23,-33.06,509.72,511.46,509.72,591.39,5.2812,35.30,130.17,0.4062,59.07,0,0.0
8042,0.7000,-2.4675,-0.2100,2.5735,36.36,-22.69,509.84,511.64,509.84,1375.28,5.2812,35.30,130.17,0.4062,59.07,0,0.0
8142,1.3300,1.0150,2.0125,2.6171,29.16,-23.06,493.12,494.52,493.12,224.47,5.2812,35.30,130.17,0.4062,59.07,0,0.0
8242,0.7525,-2.2750,-1.5925,2.8771,34.40,-25.50,510.81,512.61,510.81,341.13,5.2812,35.30,130.17,0.4062,59.07,0,0.0
8342,1.4875,-0.5250,-1.4700,2.1562,26.11,-13.54,503.13,503.99,503.13,329.81,5.2812,35.30,130.17,0.4062,59.07,0,0.0
8442,0.0175,0.1750,0.9450,0.9612,20.25,-26.60,501.42,502.53,501.42,194.39,5.2812,35.30,130.17,0.4062,59.07,0,0.0
8542,-0.4025,2.8700,-1.6975,3.3586,19.64,-26.11,486.05,487.14,486.05,1081.52,5.2812,35.30,130.17,0.4062,59.07,0,0.0
8642,1.1900,-5.2150,-1.5225,5.5615,16.10,-32.57,494.95,496.29,494.95,1175.42,5.2812,35.30,130.17,0.4062,59.07,0,0.0
8742,0.7175,-1.5925,0.6300,1.8568,19.64,-28.06,496.78,497.96,496.78,6.61,5.2812,35.30,130.17,0.4062,59.07,0,0.0
8842,0.1050,-3.5175,-1.1900,3.7148,12.57,-27.33,483.24,484.18,483.24,335.44,5.2812,35.30,130.17,0.4062,59.07,0,0.0
8942,-0.7700,1.1725,1.9775,2.4245,5.00,-30.62,481.29,482.29,481.29,1279.52,5.2812,35.30,130.17,0.4062,59.07,0,0.0
9042,0.1225,-2.2050,0.0175,2.2085,22.20,-30.01,489.46,490.89,489.46,963.21,5.2812,35.30,130.17,0.4062,59.07,0,0.0
9142,-1.0150,2.7650,3.0800,4.2617,25.01,-32.45,479.46,481.21,479.46,156.62,5.2812,35.30,130.17,0.4062,59.07,0,0.0
9242,0.0700,-1.6100,1.2250,2.0243,6.83,-23.55,490.20,490.81,490.20,41.29,5.2812,35.30,130.17,0.4062,59.07,0,0.0
9342,-0.0525,-0.0350,0.7175,0.7203,10.00,-25.62,494.22,494.99,494.22,161.51,5.2812,35.30,130.17,0.4062,59.07,0,0.0
9442,0.4900,-2.8000,-0.8400,2.9641,16.47,-36.72,489.10,490.75,489.10,724.98,5.2812,35.30,130.17,0.4062,59.07,0,0.0
9542,0.2100,0.0350,-5.7925,5.7964,24.77,-37.94,486.90,489.01,486.90,371.55,5.2812,35.30,130.17,0.4062,59.07,0,0.0
9642,-0.2625,-0.5075,1.2950,1.4154,24.40,-4.76,489.59,490.22,489.59,807.78,5.2812,35.30,130.17,0.4062,59.07,0,0.0
9742,1.6625,-1.6275,-2.6425,3.5207,28.18,-27.08,493.73,495.28,493.73,1123.36,5.2812,35.30,130.17,0.4062,59.07,0,0.0
9842,0.2450,2.7300,1.1375,2.9676,20.50,-32.82,498.74,500.23,498.74,342.57,5.2812,35.30,130.17,0.4062,59.07,0,0.0
9942,-1.2250,1.9950,-0.7175,2.4486,10.61,-24.40,487.39,488.12,487.39,199.69,5.2812,35.30,130.17,0.4062,59.07,0,0.0
10042,-0.2800,-0.5775,0.2800,0.7002,26.84,-29.89,492.76,494.39,492.76,153.53,5.2812,35.30,130.17,0.4062,59.07,0,0.0
10142,1.1900,-4.5500,1.2250,4.8600,13.42,-29.16,488.85,489.91,488.85,455.88,5.2812,35.30,130.17,0.4062,59.07,0,0.0
10242,0.5950,-2.2225,3.6575,4.3210,13.79,-30.74,495.81,496.95,495.81,177.03,5.2812,35.30,130.17,0.4062,59.07,0,0.0
10342,-0.2975,-0.5775,1.3475,1.4959,17.08,-35.75,498.98,500.55,498.98,705.86,4.8750,33.98,148.97,1.6250,35.73,0,0.0
10442,-0.9800,0.7350,-0.1925,1.2400,25.74,-34.16,490.81,492.67,490.81,871.30,4.8750,33.98,148.97,1.6250,35.73,0,0.0
10542,0.7875,-0.9100,1.1900,1.6924,17.93,-30.13,497.27,498.51,497.27,219.32,4.8750,33.98,148.97,1.6250,35.73,0,0.0
10642,0.1750,0.8400,2.3450,2.4970,14.15,-27.08,499.10,500.04,499.10,985.32,4.8750,33.98,148.97,1.6250,35.73,0,0.0
10742,0.6300,-3.3950,0.6300,3.5100,11.96,-31.48,480.68,481.86,480.68,713.86,4.8750,33.98,148.97,1.6250,35.73,0,0.0
10842,-0.3675,-2.1875,-1.4175,2.6324,8.42,-31.11,489.34,490.40,489.34,1102.41,4.8750,33.98,148.97,1.6250,35.73,0,0.0
10942,0.0525,-2.9575,0.7875,3.0610,12.08,-36.48,486.90,488.42,486.90,681.69,4.8750,33.98,148.97,1.6250,35.73,0,0.0
11042,-0.0175,-1.5925,0.2975,1.6201,21.47,-32.94,499.22,500.77,499.22,601.19,4.8750,33.98,148.97,1.6250,35.73,0,0.0
11142,-0.4550,-0.7700,0.8050,1.2033,18.06,-25.38,490.32,491.31,490.32,415.83,4.8750,33.98,148.97,1.6250,35.73,0,0.0
11242,-0.0700,2.1175,2.1700,3.0328,17.93,-36.48,498.61,500.27,498.61,394.92,4.8750,33.98,148.97,1.6250,35.73,0,0.0
11342,-0.2100,-0.4200,0.0000,0.4696,28.67,-29.40,495.08,496.78,495.08,1012.34,4.8750,33.98,148.97,1.6250,35.73,0,0.0
11442,0.4900,-0.1400,0.8750,1.0126,34.40,-23.06,496.17,497.90,496.17,737.76,4.8750,33.98,148.97,1.6250,35.73,0,0.0
11542,0.4725,0.1400,0.1225,0.5078,26.47,-25.99,493.37,494.76,493.37,410.57,4.8750,33.98,148.97,1.6250,35.73,0,0.0
11642,0.4725,-2.4850,0.3325,2.5513,29.52,-21.72,494.22,495.58,494.22,120.57,4.8750,33.98,148.97,1.6250,35.73,0,0.0
11742,-0.4200,4.1825,-1.8550,4.5946,24.03,-21.23,475.19,476.27,475.19,398.83,4.8750,33.98,148.97,1.6250,35.73,0,0.0
11842,0.9975,-4.6725,-1.2250,4.9323,21.59,-30.99,498.25,499.68,498.25,303.43,4.8750,33.98,148.97,1.6250,35.73,0,0.0
11942,0.2800,-2.1000,0.5250,2.1827,35.62,-18.06,485.68,487.32,485.68,931.51,4.8750,33.98,148.97,1.6250,35.73,0,0.0
12042,0.7525,1.6975,2.3450,2.9911,31.11,-27.69,508.74,510.44,508.74,13.56,4.8750,33.98,148.97,1.6250,35.73,0,0.0
12142,0.6475,0.9625,1.4525,1.8589,26.35,-32.94,508.86,510.61,508.86,883.69,4.8750,33.98,148.97,1.6250,35.73,0,0.0
12242,0.1050,8.2425,-0.9100,8.2932,24.40,-26.35,492.03,493.33,492.03,805.34,4.8750,33.98,148.97,1.6250,35.73,0,0.0
12342,1.8200,-7.5250,-0.4900,7.7575,21.59,-27.57,502.64,503.86,502.64,275.13,4.8750,33.98,148.97,1.6250,35.73,0,0.0
12442,1.0675,-3.5525,0.1925,3.7144,16.47,-26.35,498.00,498.97,498.00,500.51,4.8750,33.98,148.97,1.6250,35.73,0,0.0
12542,0.0875,1.0675,0.2800,1.1071,12.57,-32.57,501.54,502.76,501.54,249.37,4.8750,33.98,148.97,1.6250,35.73,0,0.0
12642,0.4025,-2.6425,-0.0525,2.6735,24.16,-29.65,504.71,506.16,504.71,102.43,4.8750,33.98,148.97,1.6250,35.73,0,0.0
12742,0.6300,-1.5050,-0.2975,1.6584,25.99,-28.30,500.20,501.67,500.20,33.80,4.8750,33.98,148.97,1.6250,35.73,0,0.0
12844,0.1750,1.7675,-0.8050,1.9501,20.74,-23.06,499.96,500.92,499.96,607.86,4.0625,45.33,137.42,4.0625,45.33,0,0.0
12942,-0.2450,0.7000,-0.3500,0.8201,18.54,-27.21,496.42,497.51,496.42,394.74,4.0625,45.33,137.42,4.0625,45.33,0,0.0
13042,-0.1925,-0.2450,-0.5775,0.6562,18.54,-31.23,489.22,490.57,489.22,11.19,4.0625,45.33,137.42,4.0625,45.33,0,0.0
13142,0.0175,-3.7800,-1.8200,4.1954,23.79,-28.06,494.83,496.20,494.83,487.28,4.0625,45.33,137.42,4.0625,45.33,0,0.0
13242,0.0350,-2.9225,-2.9050,4.1208,29.16,-23.18,502.40,503.77,502.40,601.90,4.0625,45.33,137.42,4.0625,45.33,0,0.0
13342,0.1750,-1.6800,-1.4350,2.2164,33.79,-26.96,497.76,499.63,497.76,865.00,4.0625,45.33,137.42,4.0625,45.33,0,0.0
13442,-0.1925,-0.3850,-1.4700,1.5317,26.60,-24.40,490.56,491.89,490.56,140.01,4.0625,45.33,137.42,4.0625,45.33,0,0.0
13542,0.0525,-0.9800,-0.2450,1.0115,29.40,-20.98,488.61,489.94,488.61,278.79,4.0625,45.33,137.42,4.0625,45.33,0,0.0
13642,0.2975,-2.3800,0.1925,2.4062,25.86,-22.57,488.73,489.94,488.73,1186.65,4.0625,45.33,137.42,4.0625,45.33,0,0.0
13742,-0.5075,4.6025,0.2975,4.6399,13.91,-26.60,493.98,494.89,493.98,265.77,4.0625,45.33,137.42,4.0625,45.33,0,0.0
13842,1.2250,-0.6650,2.3975,2.7732,20.13,-31.60,497.03,498.44,497.03,714.63,4.0625,45.33,137.42,4.0625,45.33,0,0.0
13942,-0.7000,1.8550,0.8050,2.1399,20.98,-30.74,493.61,495.01,493.61,1137.15,4.0625,45.33,137.42,4.0625,45.33,0,0.0
14042,0.6125,-4.0250,-0.0525,4.0717,24.40,-27.57,498.00,499.36,498.00,101.40,4.0625,45.33,137.42,4.0625,45.33,0,0.0
14142,0.8750,-1.3825,0.7000,1.7796,21.11,-26.35,489.95,491.11,489.95,1032.82,4.0625,45.33,137.42,4.0625,45.33,0,0.0
14242,0.5075,1.7150,0.0875,1.7907,23.30,-28.18,496.42,497.76,496.42,43.44,4.0625,45.33,137.42,4.0625,45.33,0,0.0
14342,0.4725,-2.1350,-1.0675,2.4333,23.67,-30.99,495.56,497.10,495.56,241.25,4.0625,45.33,137.42,4.0625,45.33,0,0.0
14442,-0.0350,3.1325,-1.0500,3.3040,21.96,-30.26,502.27,503.66,502.27,240.28,4.0625,45.33,137.42,4.0625,45.33,0,0.0
14542,-0.0700,1.4525,0.1400,1.4609,28.91,-22.81,485.56,486.95,485.56,294.86,4.0625,45.33,137.42,4.0625,45.33,0,0.0
14642,0.6125,-1.1550,0.8225,1.5446,21.59,-28.79,502.64,503.93,502.64,258.54,4.0625,45.33,137.42,4.0625,45.33,0,0.0
14742,1.0850,-2.6775,0.4025,2.9169,19.28,-32.57,496.30,497.74,496.30,82.05,4.0625,45.33,137.42,4.0625,45.33,0,0.0
14842,0.3500,-0.7875,0.4550,0.9745,20.74,-29.16,494.83,496.12,494.83,583.04,4.0625,45.33,137.42,4.0625,45.33,0,0.0
14942,-0.0350,0.5075,1.0500,1.1667,25.99,-29.89,496.66,498.24,496.66,1239.10,4.0625,45.33,137.42,4.0625,45.33,0,0.0
15042,0.7525,-2.1875,1.4000,2.7040,26.11,-30.38,502.64,504.23,502.64,1347.56,4.0625,45.33,137.42,4.0625,45.33,0,0.0
15142,0.4200,0.4900,1.3650,1.5099,25.86,-33.79,514.47,516.23,514.47,1499.55,4.0625,45.33,137.42,4.0625,45.33,0,0.0
15242,0.6475,-0.6650,1.1725,1.4954,17.81,-31.84,506.79,508.10,506.79,789.55,4.0625,45.33,137.42,4.0625,45.33,0,0.0
15342,1.8550,-5.1100,1.7500,5.7110,21.35,-28.79,501.79,503.06,501.79,20.01,4.0625,45.33,137.42,4.0625,45.33,0,0.0
15442,0.9275,-1.1725,0.4375,1.5577,22.33,-33.18,503.13,504.72,503.13,721.63,4.8750,31.56,129.30,0.4062,67.00,0,0.0
15542,0.3850,-0.3150,-1.6975,1.7689,25.25,-28.67,492.39,493.87,492.39,526.89,4.8750,31.56,129.30,0.4062,67.00,0,0.0
15642,0.9100,-3.9725,-2.2575,4.6589,37.45,-15.98,476.65,478.39,476.65,592.76,4.8750,31.56,129.30,0.4062,67.00,0,0.0
15742,0.4025,-2.1175,-1.2250,2.4792,37.94,-15.13,495.81,497.49,495.81,95.16,4.8750,31.56,129.30,0.4062,67.00,0,0.0
15842,0.9800,-4.5675,-0.2800,4.6798,21.72,-22.57,484.95,485.96,484.95,980.72,4.8750,31.56,129.30,0.4062,67.00,0,0.0
15942,0.5075,-3.0625,-1.2950,3.3636,30.87,-25.99,494.95,496.60,494.95,112.10,4.8750,31.56,129.30,0.4062,67.00,0,0.0
16042,0.4550,-1.7675,-0.4025,1.8690,27.45,-25.01,493.98,495.37,493.98,430.09,4.8750,31.56,129.30,0.4062,67.00,0,0.0
16142,-0.4200,0.0700,-1.4175,1.4801,27.33,-21.59,488.73,489.97,488.73,170.58,4.8750,31.56,129.30,0.4062,67.00,0,0.0
16242,-0.3150,0.8225,-0.0175,0.8809,20.50,-24.64,500.08,501.10,500.08,792.54,4.8750,31.56,129.30,0.4062,67.00,0,0.0
16342,-0.9625,-1.2075,-4.8475,5.0875,24.16,-23.42,489.46,490.62,489.46,306.12,4.8750,31.56,129.30,0.4062,67.00,0,0.0
16442,0.2800,-2.6425,-0.8050,2.7766,21.59,-16.10,494.22,494.96,494.22,182.00,4.8750,31.56,129.30,0.4062,67.00,0,0.0
16542,0.8750,-4.3050,-1.0850,4.5250,28.55,-28.30,495.69,497.31,495.69,136.10,4.8750,31.56,129.30,0.4062,67.00,0,0.0
16642,0.6475,0.9100,2.3275,2.5816,35.38,-24.77,500.32,502.18,500.32,974.31,4.8750,31.56,129.30,0.4062,67.00,0,0.0
16742,0.2625,0.4375,-0.2275,0.5586,32.82,-22.81,498.49,500.09,498.49,582.50,4.8750,31.56,129.30,0.4062,67.00,0,0.0
16842,0.9625,-1.4000,-0.5600,1.7889,37.82,-20.50,497.03,498.89,497.03,640.26,4.8750,31.56,129.30,0.4062,67.00,0,0.0
16942,0.7875,-0.4900,0.1400,0.9380,36.36,-19.28,489.22,490.95,489.22,171.10,4.8750,31.56,129.30,0.4062,67.00,0,0.0
17042,0.3500,-0.3500,-0.7525,0.9007,34.65,-21.59,483.61,485.33,483.61,49.02,4.8750,31.56,129.30,0.4062,67.00,0,0.0
17142,-0.1575,1.0850,-0.6475,1.2733,30.87,-20.25,494.34,495.72,494.34,111.68,4.8750,31.56,129.30,0.4062,67.00,0,0.0
17242,1.6625,-5.1800,-1.2600,5.5843,32.45,-18.06,498.25,499.63,498.25,77.33,4.8750,31.56,129.30,0.4062,67.00,0,0.0
17342,0.2275,0.6475,-0.4200,0.8046,36.72,-18.06,485.07,486.80,485.07,386.75,4.8750,31.56,129.30,0.4062,67.00,0,0.0
17442,0.3675,-0.2975,-0.3325,0.5780,29.40,-22.20,489.46,490.85,489.46,353.65,4.8750,31.56,129.30,0.4062,67.00,0,0.0
17542,-0.3675,-2.0825,-1.3825,2.5265,24.89,-21.11,480.19,481.30,480.19,338.09,4.8750,31.56,129.30,0.4062,67.00,0,0.0
17642,0.0525,-2.6775,-0.2625,2.6908,19.52,-24.52,483.24,484.26,483.24,60.77,4.8750,31.56,129.30,0.4062,67.00,0,0.0
17742,1.0500,-4.1300,-0.7350,4.3243,16.10,-26.35,483.12,484.11,483.12,687.59,4.8750,31.56,129.30,0.4062,67.00,0,0.0
17842,1.1025,-1.4700,1.3300,2.2683,26.11,-18.67,491.29,492.34,491.29,388.60,4.8750,31.56,129.30,0.4062,67.00,0,0.0
17942,0.7350,-2.1175,1.6975,2.8117,21.47,-37.09,511.30,513.09,511.30,1270.31,4.8750,31.56,129.30,0.4062,67.00,0,0.0
18042,-0.3850,2.8700,-0.3500,2.9168,24.16,-27.57,495.20,496.55,495.20,595.28,5.6875,31.33,133.11,1.6250,51.01,0,0.0
18142,0.3150,0.3150,-0.9275,1.0289,23.67,-33.43,501.18,502.85,501.18,409.30,5.6875,31.33,133.11,1.6250,51.01,0,0.0
18242,0.9800,-3.0450,-0.4900,3.2361,32.21,-26.23,494.10,495.84,494.10,363.28,5.6875,31.33,133.11,1.6250,51.01,0,0.0
18342,0.1925,-0.1400,-1.6975,1.7141,25.50,-21.11,496.17,497.28,496.17,558.13,5.6875,31.33,133.11,1.6250,51.01,0,0.0
18442,0.1050,-0.7350,-1.5225,1.6939,26.60,-21.96,497.15,498.34,497.15,848.53,5.6875,31.33,133.11,1.6250,51.01,0,0.0
18542,0.3150,-0.7525,-0.8575,1.1835,24.16,-25.62,489.34,490.61,489.34,150.59,5.6875,31.33,133.11,1.6250,51.01,0,0.0
18642,0.2975,-2.3800,-0.9100,2.5653,26.47,-24.77,498.98,500.30,498.98,702.69,5.6875,31.33,133.11,1.6250,51.01,0,0.0
18742,0.0350,-1.6275,-2.6600,3.1186,25.62,-25.74,494.59,495.92,494.59,486.60,5.6875,31.33,133.11,1.6250,51.01,0,0.0
18842,-0.0525,-0.1050,-1.5925,1.5968,30.87,-25.62,493.49,495.12,493.49,54.19,5.6875,31.33,133.11,1.6250,51.01,0,0.0
18942,0.1575,0.7875,-0.5425,0.9692,32.82,-33.92,503.62,505.82,503.62,489.50,5.6875,31.33,133.11,1.6250,51.01,0,0.0
19042,-0.3150,-0.2625,-1.8725,1.9169,27.69,-26.60,498.98,500.46,498.98,156.13,5.6875,31.33,133.11,1.6250,51.01,0,0.0
19142,-0.0700,2.3275,1.4350,2.7352,29.65,-22.81,493.37,494.78,493.37,639.54,5.6875,31.33,133.11,1.6250,51.01,0,0.0
19242,-0.0350,3.9375,-0.4375,3.9619,27.45,-25.74,499.10,500.52,499.10,1746.65,5.6875,31.33,133.11,1.6250,51.01,0,0.0
19342,-0.2800,0.2450,0.3500,0.5108,22.08,-32.33,504.35,505.87,504.35,1773.29,5.6875,31.33,133.11,1.6250,51.01,0,0.0
19442,-0.7175,0.3500,1.1725,1.4185,17.81,-33.79,496.78,498.25,496.78,448.05,5.6875,31.33,133.11,1.6250,51.01,0,0.0
19542,0.1400,0.8400,0.3675,0.9275,25.50,-31.11,500.20,501.81,500.20,364.38,5.6875,31.33,133.11,1.6250,51.01,0,0.0
19642,0.0175,-0.3500,0.0875,0.3612,32.70,-35.01,506.18,508.44,506.18,781.97,5.6875,31.33,133.11,1.6250,51.01,0,0.0
19742,1.5575,-0.1925,1.9250,2.4836,25.01,-26.72,511.30,512.61,511.30,750.55,5.6875,31.33,133.11,1.6250,51.01,0,0.0
19842,0.4375,-0.8925,1.2425,1.5912,17.08,-39.77,506.30,508.15,506.30,1436.24,5.6875,31.33,133.11,1.6250,51.01,0,0.0
19942,0.3500,1.1900,-0.6300,1.3912,16.71,-30.99,492.88,494.14,492.88,73.92,5.6875,31.33,133.11,1.6250,51.01,0,0.0
20042,-1.6975,3.3425,-0.7350,3.8202,12.08,-31.72,484.46,485.65,484.46,453.81,5.6875,31.33,133.11,1.6250,51.01,0,0.0
20142,-0.7350,-0.0700,0.4550,0.8673,18.91,-24.89,487.39,488.39,487.39,616.00,5.6875,31.33,133.11,1.6250,51.01,0,0.0
20242,0.2975,0.0525,0.2800,0.4119,26.72,-23.06,491.54,492.80,491.54,356.16,5.6875,31.33,133.11,1.6250,51.01,0,0.0
20342,-0.0175,1.8375,0.4900,1.9018,36.60,-30.74,506.54,508.79,506.54,794.91,5.6875,31.33,133.11,1.6250,51.01,0,0.0
20442,0.7525,-1.6275,-0.6125,1.8948,34.28,-18.30,496.78,498.30,496.78,230.26,5.6875,31.33,133.11,1.6250,51.01,0,0.0
20542,0.8750,-3.4125,0.3500,3.5402,25.01,-20.25,484.58,485.65,484.58,1220.58,3.6562,30.80,119.42,0.4062,38.84,0,0.0
20642,0.8400,0.2450,1.4875,1.7258,18.54,-33.06,494.95,496.40,494.95,103.74,3.6562,30.80,119.42,0.4062,38.84,0,0.0
20742,0.7175,-3.0625,0.4025,3.1711,17.93,-28.06,493.00,494.13,493.00,223.15,3.6562,30.80,119.42,0.4062,38.84,0,0.0
20842,0.0175,-1.9250,-1.3125,2.3299,20.74,-26.72,481.05,482.23,481.05,367.34,3.6562,30.80,119.42,0.4062,38.84,0,0.0
20942,-1.0325,3.8150,-0.1925,3.9569,18.67,-22.08,485.80,486.66,485.80,339.86,3.6562,30.80,119.42,0.4062,38.84,0,0.0
21042,-0.6650,3.8675,-0.1225,3.9262,29.65,-32.82,495.69,497.66,495.69,873.01,3.6562,30.80,119.42,0.4062,38.84,0,0.0
21142,1.8550,-6.3700,1.2775,6.7565,16.84,-23.91,491.42,492.29,491.42,1113.37,3.6562,30.80,119.42,0.4062,38.84,0,0.0
21242,-0.3500,1.6975,0.4200,1.7834,16.23,-27.33,489.83,490.86,489.83,828.97,3.6562,30.80,119.42,0.4062,38.84,0,0.0
21342,0.0175,-0.4200,1.0325,1.1148,23.42,-29.52,482.14,483.61,482.14,326.29,3.6562,30.80,119.42,0.4062,38.84,0,0.0
21442,0.1050,-0.1750,1.8200,1.8314,22.94,-28.55,493.98,495.33,493.98,771.30,3.6562,30.80,119.42,0.4062,38.84,0,0.0
21542,0.2800,0.4200,1.4700,1.5543,15.25,-29.40,492.03,493.14,492.03,61.33,3.6562,30.80,119.42,0.4062,38.84,0,0.0
21642,0.5600,-2.3800,2.1525,3.2575,14.52,-31.96,487.15,488.41,487.15,398.10,3.6562,30.80,119.42,0.4062,38.84,0,0.0
21742,0.4725,2.2400,2.4325,3.3403,19.52,-32.70,496.30,497.75,496.30,377.39,3.6562,30.80,119.42,0.4062,38.84,0,0.0
21842,0.2450,-3.3250,0.8050,3.4298,15.86,-35.87,490.68,492.25,490.68,21.46,3.6562,30.80,119.42,0.4062,38.84,0,0.0
21942,0.4550,-0.0525,1.9600,2.0128,26.11,-33.18,502.40,504.17,502.40,207.73,3.6562,30.80,119.42,0.4062,38.84,0,0.0
22042,1.2250,-2.8000,1.9075,3.6027,28.43,-22.33,497.64,498.95,497.64,801.01,3.6562,30.80,119.42,0.4062,38.84,0,0.0
22142,1.5050,-3.7800,1.3650,4.2915,22.08,-28.67,498.61,499.93,498.61,256.59,3.6562,30.80,119.42,0.4062,38.84,0,0.0
22242,0.5425,-0.5250,1.0850,1.3218,22.33,-33.43,487.27,488.92,487.27,966.01,3.6562,30.80,119.42,0.4062,38.84,0,0.0
22342,0.4725,0.8925,0.0350,1.0105,27.94,-24.77,494.83,496.24,494.83,651.91,3.6562,30.80,119.42,0.4062,38.84,0,0.0
22442,1.2250,-0.1750,0.0875,1.2405,33.43,-23.79,503.74,505.41,503.74,625.23,3.6562,30.80,119.42,0.4062,38.84,0,0.0
22542,0.1575,-0.0700,-0.8750,0.8918,26.23,-22.81,494.10,495.32,494.10,512.92,3.6562,30.80,119.42,0.4062,38.84,0,0.0
22642,1.2250,-2.1350,1.4875,2.8760,20.74,-32.70,496.78,498.29,496.78,8.51,3.6562,30.80,119.42,0.4062,38.84,0,0.0
22742,0.7525,-4.0425,-1.1550,4.2711,13.79,-24.40,490.81,491.61,490.81,631.66,3.6562,30.80,119.42,0.4062,38.84,0,0.0
22842,0.9275,-3.9550,-1.2075,4.2380,15.62,-30.38,492.39,493.58,492.39,433.70,3.6562,30.80,119.42,0.4062,38.84,0,0.0
22942,-0.2275,3.5000,1.2425,3.7210,17.08,-25.38,487.63,488.59,487.63,829.77,3.6562,30.80,119.42,0.4062,38.84,0,0.0
23042,0.1400,4.2350,0.3675,4.2532,25.86,-30.99,485.93,487.60,485.93,1863.46,3.6562,30.80,119.42,0.4062,38.84,0,0.0
23142,0.6825,-2.4150,1.5225,2.9353,28.18,-27.94,494.47,496.06,494.47,286.29,5.6875,23.39,70.00,1.2188,37.56,0,0.0
23242,0.9450,-1.8900,-0.2100,2.1235,23.42,-28.79,493.49,494.88,493.49,719.49,5.6875,23.39,70.00,1.2188,37.56,0,0.0
23342,1.1025,1.0150,-0.3500,1.5389,26.11,-26.35,502.64,504.01,502.64,705.56,5.6875,23.39,70.00,1.2188,37.56,0,0.0
23442,0.3150,0.1575,-1.2775,1.3252,22.94,-25.01,493.61,494.78,493.61,0.65,5.6875,23.39,70.00,1.2188,37.56,0,0.0
23542,1.1025,-3.6225,-2.1700,4.3643,19.40,-23.79,499.10,500.05,499.10,576.36,5.6875,23.39,70.00,1.2188,37.56,0,0.0
23642,1.2075,-2.4675,-1.2250,3.0079,30.74,-36.11,501.42,503.66,501.42,107.11,5.6875,23.39,70.00,1.2188,37.56,0,0.0
23742,0.2100,-1.0325,-0.6125,1.2187,31.48,-13.30,483.73,484.94,483.73,467.65,5.6875,23.39,70.00,1.2188,37.56,0,0.0
23842,0.4900,-3.2900,-0.5250,3.3675,26.84,-26.11,497.76,499.17,497.76,1.22,5.6875,23.39,70.00,1.2188,37.56,0,0.0
23942,0.2975,0.1925,-0.5950,0.6925,35.99,-18.91,483.24,484.95,483.24,30.11,5.6875,23.39,70.00,1.2188,37.56,0,0.0
24042,0.2275,-0.4900,0.2975,0.6167,36.60,-17.32,487.39,489.07,487.39,387.99,5.6875,23.39,70.00,1.2188,37.56,0,0.0
24142,0.9275,-1.4000,1.0325,1.9714,26.35,-17.69,489.71,490.74,489.71,738.59,5.6875,23.39,70.00,1.2188,37.56,0,0.0
24242,0.8050,-1.8725,-0.1575,2.0443,31.60,-26.84,497.03,498.75,497.03,112.26,5.6875,23.39,70.00,1.2188,37.56,0,0.0
24342,-0.1575,0.0525,-1.6625,1.6708,21.47,-24.77,491.90,492.99,491.90,871.80,5.6875,23.39,70.00,1.2188,37.56,0,0.0
24442,0.0525,-1.4875,-2.1000,2.5740,19.52,-29.40,491.78,493.05,491.78,305.72,5.6875,23.39,70.00,1.2188,37.56,0,0.0
24542,0.5075,-4.1650,-1.4875,4.4517,28.06,-22.57,498.74,500.03,498.74,540.40,5.6875,23.39,70.00,1.2188,37.56,0,0.0
24642,0.4550,-3.1325,-1.4175,3.4683,19.76,-22.94,494.95,495.88,494.95,771.53,5.6875,23.39,70.00,1.2188,37.56,0,0.0
24742,1.1200,-0.9800,-0.0175,1.4883,30.13,-28.43,511.91,513.59,511.91,193.82,5.6875,23.39,70.00,1.2188,37.56,0,0.0
24842,0.7175,0.9800,0.4900,1.3097,24.89,-25.50,502.15,503.41,502.15,83.12,5.6875,23.39,70.00,1.2188,37.56,0,0.0
24942,0.8225,-3.0975,1.4000,3.4973,19.03,-30.87,494.71,496.04,494.71,1280.15,5.6875,23.39,70.00,1.2188,37.56,0,0.0
25042,0.2800,0.0175,1.0325,1.0699,18.42,-31.84,500.20,501.55,500.20,1315.07,5.6875,23.39,70.00,1.2188,37.56,0,0.0
25142,0.0175,1.0675,0.5775,1.2138,11.22,-35.75,494.34,495.76,494.34,426.77,5.6875,23.39,70.00,1.2188,37.56,0,0.0
25242,-0.2625,1.6625,0.9100,1.9134,20.98,-30.74,493.49,494.89,493.49,175.33,5.6875,23.39,70.00,1.2188,37.56,0,0.0
25342,-0.4200,3.9200,-0.2450,3.9500,26.84,-22.20,497.15,498.37,497.15,183.90,5.6875,23.39,70.00,1.2188,37.56,0,0.0
25442,0.5600,0.1575,1.0850,1.2311,25.38,-24.40,502.03,503.26,502.03,972.26,5.6875,23.39,70.00,1.2188,37.56,0,0.0
25542,0.2450,3.0800,1.1900,3.3110,21.59,-34.89,508.50,510.15,508.50,352.17,5.6875,23.39,70.00,1.2188,37.56,0,0.0
25644,0.1225,-0.0175,1.2600,1.2661,22.45,-41.11,502.52,504.70,502.52,1169.06,4.0625,22.16,79.95,0.8125,49.70,0,0.0
25742,0.8750,1.3650,1.0500,1.9317,27.33,-30.38,507.40,509.04,507.40,1208.67,4.0625,22.16,79.95,0.8125,49.70,0,0.0
25842,0.5950,0.2450,0.5425,0.8416,27.21,-29.28,500.93,502.52,500.93,607.78,4.0625,22.16,79.95,0.8125,49.70,0,0.0
25942,0.6650,-2.2225,1.2950,2.6568,21.59,-31.11,497.03,498.47,497.03,264.07,4.0625,22.16,79.95,0.8125,49.70,0,0.0
26042,1.3475,-3.5700,1.1375,3.9818,15.49,-35.38,510.20,511.66,510.20,26.49,4.0625,22.16,79.95,0.8125,49.70,0,0.0
26142,1.0150,-1.9950,0.8575,2.3970,21.84,-37.58,505.69,507.55,505.69,307.43,4.0625,22.16,79.95,0.8125,49.70,0,0.0
26242,1.1550,0.6650,0.4900,1.4200,28.30,-28.43,501.54,503.14,501.54,492.07,4.0625,22.16,79.95,0.8125,49.70,0,0.0
26342,0.4200,1.5750,0.3850,1.6749,16.10,-29.16,492.39,493.52,492.39,267.27,4.0625,22.16,79.95,0.8125,49.70,0,0.0
26442,0.1575,-1.6800,-1.8375,2.4947,18.79,-36.36,490.56,492.27,490.56,730.98,4.0625,22.16,79.95,0.8125,49.70,0,0.0
26542,0.1925,-4.8650,-1.2075,5.0163,19.52,-28.91,493.12,494.36,493.12,726.99,4.0625,22.16,79.95,0.8125,49.70,0,0.0
26642,0.5775,-3.2375,-1.1375,3.4798,20.37,-37.45,496.54,498.37,496.54,558.01,4.0625,22.16,79.95,0.8125,49.70,0,0.0
26742,-0.5425,1.7675,-1.0675,2.1349,17.32,-28.18,493.86,494.96,493.86,25.97,4.0625,22.16,79.95,0.8125,49.70,0,0.0
26842,0.7700,-3.4300,-1.7325,3.9191,24.77,-27.45,498.86,500.23,498.86,186.91,4.0625,22.16,79.95,0.8125,49.70,0,0.0
26942,0.3500,-2.2400,-1.4525,2.6926,30.50,-24.03,494.22,495.75,494.22,254.71,4.0625,22.16,79.95,0.8125,49.70,0,0.0
27042,1.2250,-3.9900,-0.7525,4.2411,31.72,-19.89,499.71,501.11,499.71,3.72,4.0625,22.16,79.95,0.8125,49.70,0,0.0
27142,0.1225,0.8575,0.0350,0.8669,18.06,-29.89,503.86,505.07,503.86,124.33,4.0625,22.16,79.95,0.8125,49.70,0,0.0
27242,0.2100,0.5600,-0.2450,0.6463,17.93,-36.97,505.08,506.75,505.08,324.21,4.0625,22.16,79.95,0.8125,49.70,0,0.0
27342,0.1750,0.8225,-0.9275,1.2520,29.52,-29.89,503.37,505.12,503.37,105.38,4.0625,22.16,79.95,0.8125,49.70,0,0.0
27442,-0.0700,3.5000,0.3500,3.5182,27.94,-26.35,498.37,499.85,498.37,927.59,4.0625,22.16,79.95,0.8125,49.70,0,0.0
27542,0.6825,2.5725,1.2425,2.9372,34.28,-25.01,498.13,499.93,498.13,425.17,4.0625,22.16,79.95,0.8125,49.70,0,0.0
27642,0.9275,-2.5900,1.0325,2.9384,26.47,-27.57,493.49,494.97,493.49,87.30,4.0625,22.16,79.95,0.8125,49.70,0,0.0
27742,0.4025,0.6300,-0.3325,0.8182,29.40,-21.11,495.44,496.76,495.44,220.79,4.0625,22.16,79.95,0.8125,49.70,0,0.0
27842,0.1050,2.4150,0.6300,2.4980,27.94,-27.33,491.17,492.72,491.17,439.80,4.0625,22.16,79.95,0.8125,49.70,0,0.0
27942,0.4025,1.9950,0.6125,2.1254,27.45,-24.03,491.05,492.40,491.05,63.13,4.0625,22.16,79.95,0.8125,49.70,0,0.0
28042,0.2275,-0.4375,1.2775,1.3694,26.60,-21.23,491.29,492.47,491.29,690.00,4.0625,22.16,79.95,0.8125,49.70,0,0.0
28142,0.7175,-1.4175,0.7875,1.7732,24.16,-23.18,491.42,492.56,491.42,1211.80,4.0625,22.16,79.95,0.8125,49.70,0,0.0
28242,0.5950,0.5775,0.9100,1.2311,26.11,-31.84,503.13,504.81,503.13,300.73,4.0625,16.66,54.90,8.1250,34.57,0,0.0
28342,0.4375,0.8925,0.5775,1.1496,25.86,-30.50,504.35,505.93,504.35,177.91,4.0625,16.66,54.90,8.1250,34.57,0,0.0
28442,0.8575,-0.5775,0.4900,1.1441,20.50,-30.74,498.74,500.10,498.74,5.04,4.0625,16.66,54.90,8.1250,34.57,0,0.0
28542,0.7350,0.9100,1.0150,1.5487,26.84,-27.82,500.20,501.69,500.20,69.77,4.0625,16.66,54.90,8.1250,34.57,0,0.0
28642,0.4900,3.0450,1.9425,3.6449,21.47,-25.74,496.54,497.67,496.54,573.13,4.0625,16.66,54.90,8.1250,34.57,0,0.0
28742,0.5950,1.6100,0.9275,1.9510,30.26,-29.40,504.47,506.23,504.47,424.15,4.0625,16.66,54.90,8.1250,34.57,0,0.0
28842,0.0525,2.6075,0.6125,2.6790,27.08,-28.91,503.98,505.54,503.98,148.54,4.0625,16.66,54.90,8.1250,34.57,0,0.0
28942,1.0325,-0.2450,0.7525,1.3009,30.74,-30.13,508.86,510.68,508.86,1077.94,4.0625,16.66,54.90,8.1250,34.57,0,0.0
29042,0.1225,0.1925,0.0000,0.2282,25.01,-27.08,489.59,490.97,489.59,554.99,4.0625,16.66,54.90,8.1250,34.57,0,0.0
29142,0.1225,1.2600,0.8925,1.5489,20.98,-27.45,497.27,498.47,497.27,75.88,4.0625,16.66,54.90,8.1250,34.57,0,0.0
29242,0.2100,-1.9425,1.4000,2.4036,19.52,-22.81,487.88,488.80,487.88,953.94,4.0625,16.66,54.90,8.1250,34.57,0,0.0
29342,-0.3150,1.2250,-2.0475,2.4067,20.86,-23.06,471.53,472.55,471.53,505.74,4.0625,16.66,54.90,8.1250,34.57,0,0.0
29442,-0.1400,0.4025,-1.4700,1.5305,20.74,-27.57,484.71,485.93,484.71,173.77,4.0625,16.66,54.90,8.1250,34.57,0,0.0
29542,-0.2100,-0.2275,-1.0325,1.0779,16.10,-28.18,490.32,491.39,490.32,487.49,4.0625,16.66,54.90,8.1250,34.57,0,0.0
29642,-0.1750,1.4875,-2.2050,2.6656,25.74,-30.13,499.10,500.67,499.10,83.76,4.0625,16.66,54.90,8.1250,34.57,0,0.0
29742,0.3850,0.3500,-0.5775,0.7773,24.52,-30.87,508.98,510.51,508.98,1161.50,4.0625,16.66,54.90,8.1250,34.57,0,0.0
29842,0.3150,1.3125,-0.3500,1.3944,26.23,-26.72,494.83,496.25,494.83,350.55,4.0625,16.66,54.90,8.1250,34.57,0,0.0
29942,0.7350,-1.4700,-0.8925,1.8702,35.75,-18.30,496.05,497.67,496.05,710.87,4.0625,16.66,54.90,8.1250,34.57,0,0.0
30042,1.2425,-1.2075,0.1750,1.7414,24.28,-26.60,495.08,496.38,495.08,934.18,4.0625,16.66,54.90,8.1250,34.57,0,0.0
30142,0.9275,-0.1225,0.3850,1.0117,23.30,-28.18,506.91,508.23,506.91,438.76,4.0625,16.66,54.90,8.1250,34.57,0,0.0
30242,1.1725,-3.6225,-0.7875,3.8881,25.25,-27.08,498.37,499.74,498.37,138.75,4.0625,16.66,54.90,8.1250,34.57,0,0.0
30342,1.0675,-1.0500,-0.8925,1.7432,22.33,-24.28,493.86,494.96,493.86,566.11,4.0625,16.66,54.90,8.1250,34.57,0,0.0
30442,0.7000,1.1375,-0.1225,1.3412,19.89,-28.79,494.95,496.19,494.95,79.92,4.0625,16.66,54.90,8.1250,34.57,0,0.0
30542,0.6125,0.8050,-0.9800,1.4084,18.91,-27.82,495.20,496.34,495.20,322.98,4.0625,16.66,54.90,8.1250,34.57,0,0.0
30642,1.0150,-2.1350,-0.2625,2.3785,30.99,-22.57,493.00,494.49,493.00,448.81,4.0625,16.66,54.90,8.1250,34.57,0,0.0
30742,0.4025,-0.3850,0.2100,0.5953,28.18,-27.08,496.66,498.20,496.66,501.27,4.0625,16.66,54.90,8.1250,34.57,0,0.0
30842,0.0350,-0.2800,-0.3325,0.4361,18.18,-26.96,499.71,500.77,499.71,343.32,4.4688,11.73,49.23,1.2188,57.89,0,0.0
30942,0.4025,0.4900,0.9275,1.1235,20.25,-36.97,507.28,509.02,507.28,875.67,4.4688,11.73,49.23,1.2188,57.89,0,0.0
31042,0.9100,-1.3825,0.9800,1.9235,18.79,-32.94,502.52,503.95,502.52,360.83,4.4688,11.73,49.23,1.2188,57.89,0,0.0
31142,0.5775,-1.1025,0.7000,1.4279,17.20,-34.40,502.40,503.87,502.40,463.94,4.4688,11.73,49.23,1.2188,57.89,0,0.0
31242,0.3150,1.4875,1.2600,1.9747,22.08,-30.01,498.74,500.13,498.74,368.95,4.4688,11.73,49.23,1.2188,57.89,0,0.0
31342,0.4200,-1.3125,-0.7000,1.5457,21.11,-26.23,492.27,493.42,492.27,491.49,4.4688,11.73,49.23,1.2188,57.89,0,0.0
31442,-0.1050,-0.0175,0.3325,0.3491,26.84,-26.47,492.03,493.47,492.03,731.36,4.4688,11.73,49.23,1.2188,57.89,0,0.0
31542,0.4200,-0.1050,0.0875,0.4417,23.67,-23.18,494.47,495.57,494.47,171.26,4.4688,11.73,49.23,1.2188,57.89,0,0.0
31642,0.8750,-2.3100,-0.5075,2.5218,28.67,-25.99,492.64,494.15,492.64,301.39,4.4688,11.73,49.23,1.2188,57.89,0,0.0
31742,1.4875,-4.0950,-0.8575,4.4404,26.47,-27.33,503.49,504.93,503.49,546.63,4.4688,11.73,49.23,1.2188,57.89,0,0.0
31842,0.9975,-4.4275,-0.6300,4.5820,25.50,-23.06,492.39,493.59,492.39,16.43,4.4688,11.73,49.23,1.2188,57.89,0,0.0
31942,0.3500,-1.8200,0.2100,1.8652,26.84,-27.69,500.20,501.68,500.20,8.42,4.4688,11.73,49.23,1.2188,57.89,0,0.0
32042,0.6300,-1.5050,-1.4175,2.1613,21.23,-27.69,497.27,498.49,497.27,91.17,4.4688,11.73,49.23,1.2188,57.89,0,0.0
32142,0.1225,0.3150,-1.2075,1.2539,21.11,-25.38,492.03,493.13,492.03,344.70,4.4688,11.73,49.23,1.2188,57.89,0,0.0
32242,0.2100,-0.1575,-1.2075,1.2357,20.13,-25.25,494.59,495.64,494.59,31.80,4.4688,11.73,49.23,1.2188,57.89,0,0.0
32342,-0.2450,0.8225,-0.1750,0.8759,10.49,-31.48,499.47,500.57,499.47,414.53,4.4688,11.73,49.23,1.2188,57.89,0,0.0
32442,0.0175,-1.2950,-1.4700,1.9591,11.22,-33.79,502.27,503.53,502.27,22.21,4.4688,11.73,49.23,1.2188,57.89,0,0.0
32542,-0.1575,0.8925,-0.7000,1.1451,18.67,-30.50,498.74,500.02,498.74,647.99,4.4688,11.73,49.23,1.2188,57.89,0,0.0
32642,-0.3675,0.4200,-1.3300,1.4423,18.42,-28.91,494.47,495.65,494.47,619.92,4.4688,11.73,49.23,1.2188,57.89,0,0.0
32742,0.3500,1.0675,0.0875,1.1268,29.40,-25.25,496.54,498.05,496.54,21.02,4.4688,11.73,49.23,1.2188,57.89,0,0.0
32842,-0.7350,2.6075,0.4025,2.7388,15.37,-23.67,476.17,477.00,476.17,697.65,4.4688,11.73,49.23,1.2188,57.89,0,0.0
32942,0.3150,0.6300,-0.4025,0.8113,30.38,-18.67,485.32,486.62,485.32,2356.84,4.4688,11.73,49.23,1.2188,57.89,0,0.0
33042,1.0675,0.6300,1.8725,2.2456,24.28,-26.96,496.78,498.11,496.78,1071.42,4.4688,11.73,49.23,1.2188,57.89,0,0.0
33142,0.3850,-0.7175,-0.9100,1.2211,8.78,-33.31,495.69,496.88,495.69,803.42,4.4688,11.73,49.23,1.2188,57.89,0,0.0
33242,0.6125,0.8750,-1.9775,2.2475,23.18,-27.94,498.13,499.45,498.13,225.18,4.4688,11.73,49.23,1.2188,57.89,0,0.0
33342,0.7875,0.8575,-1.1375,1.6277,29.65,-27.08,504.59,506.19,504.59,506.16,3.6562,25.18,97.06,0.4062,26.62,0,0.0
33442,0.1400,7.3325,1.5400,7.4938,27.45,-18.79,495.69,496.80,495.69,766.34,3.6562,25.18,97.06,0.4062,26.62,0,0.0
33542,1.8200,-2.6950,-1.6275,3.6365,35.87,-23.42,504.59,506.41,504.59,2285.54,3.6562,25.18,97.06,0.4062,26.62,0,0.0
33642,0.2625,0.6125,-1.5400,1.6780,21.72,-25.74,483.36,484.54,483.36,818.00,3.6562,25.18,97.06,0.4062,26.62,0,0.0
33742,1.9775,-3.6050,1.1900,4.2805,20.74,-43.92,520.45,522.71,520.45,1345.65,3.6562,25.18,97.06,0.4062,26.62,0,0.0
33842,0.5075,0.0700,-0.7875,0.9395,12.08,-30.26,500.93,501.99,500.93,382.06,3.6562,25.18,97.06,0.4062,26.62,0,0.0
33942,0.2800,0.6125,1.1375,1.3219,22.20,-24.77,500.93,502.04,500.93,688.72,3.6562,25.18,97.06,0.4062,26.62,0,0.0
34042,-0.5425,5.0925,-2.0825,5.5285,15.37,-19.03,493.73,494.34,493.73,141.62,3.6562,25.18,97.06,0.4062,26.62,0,0.0
34142,0.5950,-0.4375,0.4375,0.8584,20.74,-14.03,497.88,498.51,497.88,713.03,3.6562,25.18,97.06,0.4062,26.62,0,0.0
34242,0.1575,0.0875,-0.0175,0.1810,25.38,-28.06,491.54,492.99,491.54,923.76,3.6562,25.18,97.06,0.4062,26.62,0,0.0
34342,0.4025,0.2450,-0.2975,0.5573,27.82,-23.67,487.76,489.12,487.76,788.39,3.6562,25.18,97.06,0.4062,26.62,0,0.0
34442,1.3125,-2.4500,0.8225,2.8986,41.48,-16.71,497.88,499.89,497.88,274.13,3.6562,25.18,97.06,0.4062,26.62,0,0.0
34542,1.6100,-2.5900,-0.8400,3.1632,37.09,-28.67,506.18,508.34,506.18,1247.38,3.6562,25.18,97.06,0.4062,26.62,0,0.0
34642,0.1925,-0.5775,0.3150,0.6854,21.84,-29.89,496.42,497.80,496.42,1551.46,3.6562,25.18,97.06,0.4062,26.62,0,0.0
34742,1.6975,-3.4475,-5.0750,6.3657,44.53,-20.62,492.88,495.32,492.88,1881.95,3.6562,25.18,97.06,0.4062,26.62,0,0.0
34842,1.2775,-3.7800,-3.0450,5.0192,20.50,-36.11,499.35,501.07,499.35,762.74,3.6562,25.18,97.06,0.4062,26.62,0,0.0
34942,0.7700,-2.2925,0.8225,2.5544,19.52,-20.50,497.39,498.20,497.39,66.29,3.6562,25.18,97.06,0.4062,26.62,0,0.0
35042,0.3850,-0.7350,-1.1900,1.4507,32.57,-28.18,499.59,501.44,499.59,429.82,3.6562,25.18,97.06,0.4062,26.62,0,0.0
35142,0.5600,0.0175,-1.9075,1.9881,29.89,-28.55,499.96,501.66,499.96,261.22,3.6562,25.18,97.06,0.4062,26.62,0,0.0
35242,-0.1400,0.6825,0.4375,0.8227,29.16,-20.98,496.42,497.72,496.42,47.27,3.6562,25.18,97.06,0.4062,26.62,0,0.0
35342,-0.9800,2.4150,-1.5225,3.0184,30.13,-16.71,484.58,485.81,484.58,294.13,3.6562,25.18,97.06,0.4062,26.62,0,0.0
35442,0.2800,-0.8925,0.1225,0.9434,28.55,-21.96,495.69,496.99,495.69,653.14,3.6562,25.18,97.06,0.4062,26.62,0,0.0
35542,0.5600,-3.1325,1.5225,3.5276,10.49,-37.70,483.00,484.58,483.00,421.84,3.6562,25.18,97.06,0.4062,26.62,0,0.0
35642,0.1400,-1.9075,0.4200,1.9582,24.16,-29.04,494.34,495.78,494.34,421.01,3.6562,25.18,97.06,0.4062,26.62,0,0.0
35742,0.2450,-2.1175,-1.0150,2.3609,14.52,-23.18,489.10,489.86,489.10,436.25,3.6562,25.18,97.06,0.4062,26.62,0,0.0
35842,-0.1925,-0.3500,1.9075,1.9489,27.21,-27.33,491.54,493.05,491.54,596.87,3.6562,25.18,97.06,0.4062,26.62,0,0.0
35942,0.6125,1.5225,3.0625,3.4745,23.42,-21.47,493.98,495.00,493.98,184.21,4.0625,48.82,183.00,1.6250,62.22,0,0.0
36042,1.2950,-1.5925,1.0500,2.3056,26.84,-34.65,508.25,510.14,508.25,310.81,4.0625,48.82,183.00,1.6250,62.22,0,0.0
36142,0.7350,-0.3500,-0.1925,0.8365,21.11,-31.11,508.98,510.37,508.98,504.44,4.0625,48.82,183.00,1.6250,62.22,0,0.0
36242,0.6300,0.8400,1.2075,1.6002,29.89,-30.50,501.79,503.60,501.79,132.06,4.0625,48.82,183.00,1.6250,62.22,0,0.0
36342,-0.4900,5.9850,0.2975,6.0124,23.06,-21.11,491.42,492.41,491.42,295.95,4.0625,48.82,183.00,1.6250,62.22,0,0.0
36442,-0.1750,-1.0325,-1.0850,1.5079,26.35,-30.26,497.76,499.37,497.76,233.89,4.0625,48.82,183.00,1.6250,62.22,0,0.0
36542,-0.2975,5.1625,-0.6825,5.2159,20.86,-12.32,469.94,470.57,469.94,724.25,4.0625,48.82,183.00,1.6250,62.22,0,0.0
36642,0.5950,2.6425,0.5600,2.7659,18.06,-30.01,503.01,504.22,503.01,314.81,4.0625,48.82,183.00,1.6250,62.22,0,0.0
36742,1.1200,-0.0350,0.0350,1.1211,24.64,-25.99,498.86,500.14,498.86,164.40,4.0625,48.82,183.00,1.6250,62.22,0,0.0
36842,1.3300,-3.1325,-0.2625,3.4133,22.08,-25.62,493.86,495.01,493.86,1574.81,4.0625,48.82,183.00,1.6250,62.22,0,0.0
36942,2.1000,-5.9850,-0.7350,6.3852,18.67,-26.35,503.74,504.77,503.74,382.08,4.0625,48.82,183.00,1.6250,62.22,0,0.0
37042,0.3150,-1.7850,-1.5575,2.3898,21.59,-24.77,489.46,490.57,489.46,31.76,4.0625,48.82,183.00,1.6250,62.22,0,0.0
37142,0.7875,-3.7275,-1.8900,4.2528,13.54,-27.69,491.17,492.14,491.17,538.66,4.0625,48.82,183.00,1.6250,62.22,0,0.0
37242,0.3500,-1.6800,-1.0500,2.0118,9.03,-27.08,489.71,490.54,489.71,461.60,4.0625,48.82,183.00,1.6250,62.22,0,0.0
37342,1.0325,-0.8925,0.2450,1.3866,1.34,-53.44,548.39,550.99,548.39,1294.86,4.0625,48.82,183.00,1.6250,62.22,0,0.0
37442,-1.4875,0.5600,-5.5475,5.7707,14.40,-14.27,480.31,480.74,480.31,995.36,4.0625,48.82,183.00,1.6250,62.22,0,0.0
37542,-0.5250,-3.2550,-1.7850,3.7493,7.93,-22.94,480.44,481.05,480.44,1135.10,4.0625,48.82,183.00,1.6250,62.22,0,0.0
37642,0.0175,-0.7875,-0.2450,0.8249,9.76,-28.30,490.07,490.99,490.07,773.47,4.0625,48.82,183.00,1.6250,62.22,0,0.0
37742,1.0325,-3.5525,1.3300,3.9313,16.35,-30.26,501.30,502.48,501.30,1513.61,4.0625,48.82,183.00,1.6250,62.22,0,0.0
37842,1.3300,-6.2125,0.1750,6.3557,8.05,-31.11,494.34,495.39,494.34,427.89,4.0625,48.82,183.00,1.6250,62.22,0,0.0
37942,2.9050,-13.1775,-0.5250,13.5041,21.47,-36.23,513.38,515.10,513.38,1434.41,4.0625,48.82,183.00,1.6250,62.22,0,0.0
38042,-0.4725,11.7425,1.4875,11.8458,13.66,-39.65,502.88,504.63,502.88,720.77,4.0625,48.82,183.00,1.6250,62.22,0,0.0
38142,-0.6125,7.1575,-1.2425,7.2903,10.25,-38.92,498.86,500.48,498.86,628.05,4.0625,48.82,183.00,1.6250,62.22,0,0.0
38242,-0.1575,1.9425,-1.6275,2.5391,17.69,-31.35,506.54,507.82,506.54,1333.41,4.0625,48.82,183.00,1.6250,62.22,0,0.0
38342,-0.3500,-0.5250,-2.7125,2.7849,5.37,-30.62,493.49,494.47,493.49,461.16,4.0625,48.82,183.00,1.6250,62.22,0,0.0
38444,-1.6100,2.8700,0.8750,3.4051,2.20,-27.33,480.44,481.22,480.44,414.41,5.2812,93.76,371.72,2.0312,93.95,0,0.0
38542,0.9275,-2.2400,0.9275,2.5958,17.32,-23.55,490.20,491.07,490.20,1252.22,5.2812,93.76,371.72,2.0312,93.95,0,0.0
38642,-1.7325,11.0600,-1.6450,11.3151,17.57,-27.08,496.78,497.83,496.78,177.79,5.2812,93.76,371.72,2.0312,93.95,0,0.0
38742,-1.6975,-41.7725,-17.5350,45.3354,23.79,-22.57,477.02,478.15,477.02,1896.33,5.2812,93.76,371.72,2.0312,93.95,0,0.0
38842,0.2975,-6.2300,-0.8575,6.2958,25.25,-32.33,491.78,493.49,491.78,878.72,5.2812,93.76,371.72,2.0312,93.95,0,0.0
38942,-1.8725,12.8800,1.4000,13.0905,27.45,-25.99,484.71,486.18,484.71,656.04,5.2812,93.76,371.72,2.0312,93.95,0,0.0
39042,0.0700,6.5100,1.1550,6.6120,20.74,-34.77,501.30,502.93,501.30,1137.62,5.2812,93.76,371.72,2.0312,93.95,0,0.0
39142,-1.0500,5.3725,1.5400,5.6866,28.18,-26.72,493.25,494.77,493.25,1044.53,5.2812,93.76,371.72,2.0312,93.95,0,0.0
39242,1.3300,2.7125,-0.3850,3.0455,42.94,-23.30,501.05,503.43,501.05,654.74,5.2812,93.76,371.72,2.0312,93.95,0,0.0
39342,0.8575,6.1425,-1.5225,6.3862,17.57,-32.45,496.17,497.54,496.17,423.30,5.2812,93.76,371.72,2.0312,93.95,0,0.0
39442,3.3425,-15.1025,-1.9250,15.5873,37.82,-20.50,513.01,514.81,513.01,3672.71,5.2812,93.76,371.72,2.0312,93.95,0,0.0
39542,0.1925,8.4000,2.8175,8.8620,43.55,-25.50,502.15,504.68,502.15,1371.99,5.2812,93.76,371.72,2.0312,93.95,0,0.0
39642,0.0525,3.0625,1.1900,3.2860,30.74,-27.57,498.74,500.44,498.74,145.89,5.2812,93.76,371.72,2.0312,93.95,0,0.0
39742,1.2600,-1.2425,1.5575,2.3574,25.38,-27.57,495.32,496.74,495.32,2474.26,5.2812,93.76,371.72,2.0312,93.95,0,0.0
39842,1.4700,-3.8500,0.6300,4.1690,23.91,-39.04,518.62,520.64,518.62,15.22,5.2812,93.76,371.72,2.0312,93.95,0,0.0
39942,2.3100,-8.6975,-1.0325,9.0581,24.77,-28.55,508.62,510.02,508.62,439.51,5.2812,93.76,371.72,2.0312,93.95,0,0.0
40042,0.4025,1.9600,-1.8725,2.7404,30.13,-27.33,495.20,496.87,495.20,805.64,5.2812,93.76,371.72,2.0312,93.95,0,0.0
40142,0.8750,-5.6175,-0.3675,5.6971,27.69,-27.33,483.36,484.93,483.36,1384.68,5.2812,93.76,371.72,2.0312,93.95,0,0.0
40242,0.1575,3.1325,1.2600,3.3801,22.81,-36.72,499.10,500.97,499.10,1306.01,5.2812,93.76,371.72,2.0312,93.95,0,0.0
40342,-1.5400,-0.8575,-0.3325,1.7937,0.61,-21.84,462.01,462.53,462.01,1229.20,5.2812,93.76,371.72,2.0312,93.95,0,0.0
40442,-1.0325,5.7750,-0.0350,5.8667,15.86,-38.06,503.86,505.54,503.86,213.48,5.2812,93.76,371.72,2.0312,93.95,0,0.0
40542,0.6475,-1.7850,0.5950,1.9899,19.03,-41.11,482.88,485.00,482.88,1313.03,5.2812,93.76,371.72,2.0312,93.95,0,0.0
40642,0.9975,-0.6475,0.2800,1.2217,16.84,-24.64,487.39,488.30,487.39,785.57,5.2812,93.76,371.72,2.0312,93.95,0,0.0
40742,-0.4200,2.8700,1.3650,3.2057,10.98,-31.96,484.58,485.76,484.58,803.48,5.2812,93.76,371.72,2.0312,93.95,0,0.0
40842,-0.4200,-2.2925,-2.8000,3.6431,16.35,-31.35,489.95,491.23,489.95,201.66,5.2812,93.76,371.72,2.0312,93.95,0,0.0
40942,-0.3325,-0.8225,1.7850,1.9933,11.10,-39.04,483.24,484.94,483.24,1092.33,5.2812,93.76,371.72,2.0312,93.95,0,0.0
41042,1.1200,-4.0950,0.6475,4.2945,11.47,-45.51,503.25,505.43,503.25,285.84,5.2812,59.91,175.44,0.4062,119.77,1,6.2
41142,1.5925,-1.5750,2.4675,3.3325,24.89,-35.62,512.89,514.73,512.89,157.81,5.2812,59.91,175.44,0.4062,119.77,1,6.2
41242,0.8575,-5.7575,-0.6475,5.8569,16.47,-36.36,492.76,494.37,492.76,1246.94,5.2812,59.91,175.44,0.4062,119.77,1,6.2
41342,0.7525,0.4900,1.8900,2.0925,12.93,-35.87,498.74,500.19,498.74,521.77,5.2812,59.91,175.44,0.4062,119.77,1,6.2
41442,0.0700,1.4875,1.2425,1.9394,15.01,-38.06,501.05,502.72,501.05,472.55,5.2812,59.91,175.44,0.4062,119.77,1,6.2
41542,0.0525,2.5025,0.7875,2.6240,13.54,-38.43,512.64,514.26,512.64,1065.59,5.2812,59.91,175.44,0.4062,119.77,1,6.2
41642,0.8750,-2.3100,0.4900,2.5183,11.35,-36.36,503.98,505.42,503.98,920.14,5.2812,59.91,175.44,0.4062,119.77,1,6.2
41742,-0.2625,-2.6075,-0.1750,2.6265,3.29,-33.31,477.63,478.80,477.63,1203.37,5.2812,59.91,175.44,0.4062,119.77,1,6.2
41842,0.9275,-4.2175,-2.5550,5.0175,12.32,-31.96,502.52,503.68,502.52,1058.57,5.2812,59.91,175.44,0.4062,119.77,1,6.2
41942,1.4525,-6.5275,-1.1550,6.7862,19.40,-36.97,504.84,506.56,504.84,982.68,5.2812,59.91,175.44,0.4062,119.77,1,6.2
42042,1.9950,-8.4525,-1.1550,8.7612,32.82,-24.89,493.37,495.08,493.37,669.32,5.2812,59.91,175.44,0.4062,119.77,1,6.2
42142,1.1025,0.8400,0.0700,1.3878,25.01,-31.72,500.32,501.95,500.32,463.31,5.2812,59.91,175.44,0.4062,119.77,1,6.2
42242,1.4175,-2.3275,-0.3150,2.7433,19.40,-27.69,492.03,493.19,492.03,223.71,5.2812,59.91,175.44,0.4062,119.77,1,6.2
42342,1.3300,1.4525,0.0350,1.9697,27.69,-29.77,510.20,511.82,510.20,1614.42,5.2812,59.91,175.44,0.4062,119.77,1,6.2
42442,1.2775,-2.6600,-0.1400,2.9542,24.28,-27.57,503.49,504.83,503.49,126.73,5.2812,59.91,175.44,0.4062,119.77,1,6.2
42542,1.3650,-5.1625,-1.1200,5.4561,17.81,-25.62,482.02,483.03,482.02,1191.57,5.2812,59.91,175.44,0.4062,119.77,1,6.2
42642,0.4550,-1.8200,-0.8925,2.0775,14.40,-29.52,478.24,479.37,478.24,1108.25,5.2812,59.91,175.44,0.4062,119.77,1,6.2
42742,0.0350,-1.9600,0.2800,1.9802,9.76,-33.43,490.44,491.67,490.44,37.83,5.2812,59.91,175.44,0.4062,119.77,1,6.2
42842,-0.3150,0.6825,-0.1925,0.7759,5.86,-37.94,496.17,497.66,496.17,5.81,5.2812,59.91,175.44,0.4062,119.77,1,6.2
42942,-0.1750,0.5775,0.4375,0.7453,5.12,-38.19,492.39,493.90,492.39,740.21,5.2812,59.91,175.44,0.4062,119.77,1,6.2
43042,0.6300,-2.6600,0.1225,2.7363,8.91,-37.58,499.35,500.84,499.35,547.47,5.2812,59.91,175.44,0.4062,119.77,1,6.2
43142,0.2625,-1.1725,-1.8725,2.2248,3.54,-37.58,500.08,501.50,500.08,27.94,5.2812,59.91,175.44,0.4062,119.77,1,6.2
43242,0.0525,-2.5550,-2.2225,3.3868,6.59,-29.65,482.27,483.22,482.27,1628.93,5.2812,59.91,175.44,0.4062,119.77,1,6.2
43342,0.4725,-0.6300,-1.8375,1.9991,19.40,-31.48,499.35,500.71,499.35,385.40,5.2812,59.91,175.44,0.4062,119.77,1,6.2
43442,1.0500,-10.0800,-0.5600,10.1500,16.10,-31.11,496.78,498.02,496.78,204.82,5.2812,59.91,175.44,0.4062,119.77,1,6.2
43542,0.8925,-17.0100,-1.8900,17.1379,12.44,-24.40,470.55,471.35,470.55,1658.41,5.2812,59.91,175.44,0.4062,119.77,1,6.2
43642,-0.8925,2.5900,-2.2225,3.5276,20.86,-26.35,474.21,475.40,474.21,1396.15,4.4688,26.15,91.65,0.8125,45.57,1,5.9
43742,-1.0500,4.0425,-1.5925,4.4699,13.05,-30.50,497.52,498.62,497.52,761.45,4.4688,26.15,91.65,0.8125,45.57,1,5.9
43842,0.1050,0.5425,0.0700,0.5570,19.15,-23.79,492.03,492.97,492.03,31.89,4.4688,26.15,91.65,0.8125,45.57,1,5.9
43942,-0.0525,0.0525,-1.5925,1.5942,17.45,-25.38,488.73,489.70,488.73,717.49,4.4688,26.15,91.65,0.8125,45.57,1,5.9
44042,0.1225,-4.9175,-0.3325,4.9303,7.32,-31.96,483.12,484.23,483.12,61.56,4.4688,26.15,91.65,0.8125,45.57,1,5.9
44142,-0.0525,-1.5050,-0.1575,1.5141,9.88,-30.87,488.37,489.44,488.37,321.00,4.4688,26.15,91.65,0.8125,45.57,1,5.9
44242,0.0350,3.0450,0.5950,3.1028,19.40,-30.74,491.05,492.39,491.05,776.81,4.4688,26.15,91.65,0.8125,45.57,1,5.9
44342,1.1375,-2.7300,1.0850,3.1502,21.84,-31.60,504.23,505.69,504.23,0.49,4.4688,26.15,91.65,0.8125,45.57,1,5.9
44442,-0.0525,5.3725,0.6825,5.4159,30.50,-27.57,500.08,501.77,500.08,38.82,4.4688,26.15,91.65,0.8125,45.57,1,5.9
44542,0.2975,0.8050,0.0000,0.8582,29.04,-29.16,502.88,504.56,502.88,331.77,4.4688,26.15,91.65,0.8125,45.57,1,5.9
44642,1.1725,-3.6575,0.1750,3.8448,32.09,-29.04,503.74,505.59,503.74,1001.22,4.4688,26.15,91.65,0.8125,45.57,1,5.9
44742,3.0975,-0.1400,3.2025,4.4576,30.13,-31.72,513.50,515.36,513.50,3527.97,4.4688,26.15,91.65,0.8125,45.57,1,5.9
44842,1.3825,1.9950,3.7975,4.5069,24.89,-31.60,483.97,485.64,483.97,912.77,4.4688,26.15,91.65,0.8125,45.57,1,5.9
44942,0.9450,-0.2975,1.6975,1.9655,23.30,-27.33,488.73,490.05,488.73,1366.40,4.4688,26.15,91.65,0.8125,45.57,1,5.9
45042,0.4725,-1.0675,-0.5600,1.2948,15.49,-26.96,490.68,491.67,490.68,1064.83,4.4688,26.15,91.65,0.8125,45.57,1,5.9
45142,0.2275,0.6300,-1.9425,2.0547,25.25,-12.20,481.41,482.23,481.41,344.45,4.4688,26.15,91.65,0.8125,45.57,1,5.9
45242,1.1550,-5.7575,-1.2250,5.9986,25.01,-17.32,490.44,491.38,490.44,1505.78,4.4688,26.15,91.65,0.8125,45.57,1,5.9
45342,0.7000,-0.3850,-0.0350,0.7997,30.87,-20.98,475.07,476.53,475.07,739.11,4.4688,26.15,91.65,0.8125,45.57,1,5.9
45442,1.3300,-6.8950,0.6475,7.0519,34.28,-18.18,484.22,485.77,484.22,780.90,4.4688,26.15,91.65,0.8125,45.57,1,5.9
45542,1.4000,-2.7650,0.4025,3.1253,28.43,-25.86,493.25,494.74,493.25,540.81,4.4688,26.15,91.65,0.8125,45.57,1,5.9
45642,0.5600,-2.2050,-0.2800,2.2922,15.62,-34.28,497.15,498.58,497.15,56.57,4.4688,26.15,91.65,0.8125,45.57,1,5.9
45742,0.2275,-2.0125,-0.4550,2.0758,5.37,-30.87,484.71,485.72,484.71,1055.11,4.4688,26.15,91.65,0.8125,45.57,1,5.9
45842,-0.5775,-0.2275,0.1925,0.6499,21.96,-33.43,489.95,491.58,489.95,711.07,4.4688,26.15,91.65,0.8125,45.57,1,5.9
45942,-0.5075,2.8175,-0.9100,3.0040,19.28,-31.35,488.61,489.99,488.61,663.65,4.4688,26.15,91.65,0.8125,45.57,1,5.9
46042,-0.2100,2.8525,0.6825,2.9405,16.23,-32.57,491.17,492.52,491.17,604.39,4.4688,26.15,91.65,0.8125,45.57,1,5.9
46142,0.0350,0.5425,1.0850,1.2136,16.47,-35.26,500.57,502.08,500.57,497.44,4.4688,29.56,115.10,8.1250,37.11,1,5.6
46242,0.0175,0.1400,0.4725,0.4931,23.42,-33.92,503.01,504.69,503.01,469.51,4.4688,29.56,115.10,8.1250,37.11,1,5.6
46342,0.5075,-3.6225,-0.4725,3.6883,12.32,-37.94,495.08,496.68,495.08,1413.33,4.4688,29.56,115.10,8.1250,37.11,1,5.6
46442,1.2600,-0.1225,0.7525,1.4727,20.37,-34.77,506.91,508.51,506.91,558.16,4.4688,29.56,115.10,8.1250,37.11,1,5.6
46542,0.3850,-0.3150,0.3150,0.5888,20.37,-33.31,495.32,496.86,495.32,119.86,4.4688,29.56,115.10,8.1250,37.11,1,5.6
46642,-0.1400,5.5650,-1.1200,5.6783,22.33,-28.06,493.00,494.30,493.00,70.27,4.4688,29.56,115.10,8.1250,37.11,1,5.6
46742,0.2975,-1.2600,-1.7150,2.1488,22.33,-25.50,495.08,496.23,495.08,627.69,4.4688,29.56,115.10,8.1250,37.11,1,5.6
46842,-0.1400,-0.7875,-1.7325,1.9082,23.67,-20.86,493.73,494.74,493.73,1459.06,4.4688,29.56,115.10,8.1250,37.11,1,5.6
46942,-0.1050,0.9450,-1.5400,1.8099,28.06,-19.76,495.44,496.63,495.44,1128.81,4.4688,29.56,115.10,8.1250,37.11,1,5.6
47042,-0.4375,2.6425,-0.8750,2.8178,29.77,-20.98,488.24,489.60,488.24,729.35,4.4688,29.56,115.10,8.1250,37.11,1,5.6
47142,0.3325,-0.2800,-1.1550,1.2341,28.06,-21.84,493.86,495.13,493.86,1149.38,4.4688,29.56,115.10,8.1250,37.11,1,5.6
47242,0.2100,-1.8550,0.0000,1.8668,25.50,-18.91,487.39,488.42,487.39,51.39,4.4688,29.56,115.10,8.1250,37.11,1,5.6
47342,0.7525,1.0850,0.9450,1.6237,32.33,-14.88,481.66,482.97,481.66,882.30,4.4688,29.56,115.10,8.1250,37.11,1,5.6
47442,1.2950,-0.6300,0.8750,1.6851,27.57,-22.45,486.66,487.96,486.66,1372.76,4.4688,29.56,115.10,8.1250,37.11,1,5.6
47542,1.4000,-0.3500,0.6300,1.5746,25.38,-27.82,493.37,494.80,493.37,493.87,4.4688,29.56,115.10,8.1250,37.11,1,5.6
47642,0.2800,-1.4350,0.4025,1.5165,19.64,-29.40,484.83,486.12,484.83,1337.65,4.4688,29.56,115.10,8.1250,37.11,1,5.6
47742,0.9450,2.5200,0.4900,2.7356,34.65,-20.98,496.30,497.95,496.30,269.89,4.4688,29.56,115.10,8.1250,37.11,1,5.6
47842,1.4000,0.8925,0.9275,1.9018,37.33,-18.06,496.54,498.27,496.54,19.56,4.4688,29.56,115.10,8.1250,37.11,1,5.6
47942,1.0325,0.8400,0.7700,1.5377,27.94,-20.86,492.76,493.99,492.76,315.68,4.4688,29.56,115.10,8.1250,37.11,1,5.6
48042,1.2600,2.2050,1.4000,2.8999,20.62,-27.82,499.83,501.03,499.83,704.64,4.4688,29.56,115.10,8.1250,37.11,1,5.6
48142,0.7000,1.3475,1.6100,2.2131,31.72,-29.89,503.62,505.50,503.62,150.53,4.4688,29.56,115.10,8.1250,37.11,1,5.6
48242,0.4550,5.3900,1.2075,5.5423,25.99,-32.09,502.15,503.85,502.15,506.97,4.4688,29.56,115.10,8.1250,37.11,1,5.6
48342,2.0125,-2.3450,1.4525,3.4145,24.52,-36.84,511.79,513.70,511.79,885.36,4.4688,29.56,115.10,8.1250,37.11,1,5.6
48442,1.5050,0.6650,1.5925,2.2898,21.96,-33.06,497.15,498.73,497.15,944.64,4.4688,29.56,115.10,8.1250,37.11,1,5.6
48542,1.4000,-0.9450,1.5575,2.2976,11.22,-31.96,496.78,497.94,496.78,609.23,4.4688,29.56,115.10,8.1250,37.11,1,5.6
48642,0.5250,4.9000,0.5950,4.9638,18.54,-30.62,503.25,504.52,503.25,829.68,4.4688,29.56,115.10,8.1250,37.11,1,5.6
48742,0.7175,1.0325,2.1350,2.4777,23.06,-31.48,511.67,513.15,511.67,891.86,4.4688,30.92,76.89,2.0312,49.17,0,5.3
48842,1.9425,-3.6925,2.3625,4.7947,14.15,-42.82,515.08,517.05,515.08,1345.36,4.4688,30.92,76.89,2.0312,49.17,0,5.3
48942,0.1925,-2.0650,-0.1225,2.0776,8.54,-43.92,510.45,512.41,510.45,615.05,4.4688,30.92,76.89,2.0312,49.17,0,5.3
49042,0.7700,-2.9925,-0.0875,3.0912,13.30,-41.97,509.84,511.74,509.84,408.04,4.4688,30.92,76.89,2.0312,49.17,0,5.3
49142,0.8050,-2.4850,0.4725,2.6545,20.98,-34.77,501.05,502.70,501.05,1118.26,4.4688,30.92,76.89,2.0312,49.17,0,5.3
49242,0.9450,-0.8925,-0.1400,1.3074,17.45,-32.33,496.05,497.41,496.05,1314.04,4.4688,30.92,76.89,2.0312,49.17,0,5.3
49342,0.5075,2.6425,0.2975,2.7072,26.35,-22.33,491.17,492.38,491.17,269.96,4.4688,30.92,76.89,2.0312,49.17,0,5.3
49442,1.2600,-1.6800,-0.3150,2.1235,24.40,-22.94,479.95,481.11,479.95,1310.39,4.4688,30.92,76.89,2.0312,49.17,0,5.3
49542,0.2975,3.7100,0.1050,3.7234,23.91,-21.47,487.76,488.81,487.76,733.53,4.4688,30.92,76.89,2.0312,49.17,0,5.3
49642,1.4000,0.3325,0.9450,1.7215,24.89,-22.94,493.12,494.28,493.12,658.63,4.4688,30.92,76.89,2.0312,49.17,0,5.3
49742,0.7350,-2.3800,0.2625,2.5047,19.28,-27.82,494.34,495.50,494.34,175.87,4.4688,30.92,76.89,2.0312,49.17,0,5.3
49842,0.7875,0.8750,0.8400,1.4462,17.93,-26.23,492.27,493.29,492.27,628.52,4.4688,30.92,76.89,2.0312,49.17,0,5.3
49942,0.8400,-2.3800,0.8575,2.6656,16.47,-30.62,486.54,487.78,486.54,148.66,4.4688,30.92,76.89,2.0312,49.17,0,5.3
50042,0.1400,-0.5425,1.0325,1.1747,11.35,-33.43,483.97,485.26,483.97,1054.00,4.4688,30.92,76.89,2.0312,49.17,0,5.3
50142,0.0875,3.0625,0.7700,3.1590,15.74,-34.40,498.61,500.05,498.61,124.30,4.4688,30.92,76.89,2.0312,49.17,0,5.3
50242,1.0500,-5.0750,0.3500,5.1943,11.59,-37.94,500.69,502.26,500.69,644.02,4.4688,30.92,76.89,2.0312,49.17,0,5.3
50342,0.1050,0.7175,-0.2275,0.7600,17.81,-36.97,511.42,513.07,511.42,913.55,4.4688,30.92,76.89,2.0312,49.17,0,5.3
50442,-0.5075,2.5900,-0.1750,2.6450,18.79,-30.38,495.32,496.61,495.32,164.12,4.4688,30.92,76.89,2.0312,49.17,0,5.3
50542,-0.2450,-3.3075,-2.4150,4.1027,17.57,-30.50,488.00,489.27,488.00,270.49,4.4688,30.92,76.89,2.0312,49.17,0,5.3
50642,0.4025,-3.6225,-1.1025,3.8079,26.84,-24.52,494.10,495.44,494.10,495.39,4.4688,30.92,76.89,2.0312,49.17,0,5.3
50742,0.5425,-6.3875,-1.2250,6.5265,18.18,-25.62,488.12,489.13,488.12,751.40,4.4688,30.92,76.89,2.0312,49.17,0,5.3
50842,0.5250,-6.8600,0.3500,6.8890,11.35,-30.38,489.59,490.66,489.59,681.35,4.4688,30.92,76.89,2.0312,49.17,0,5.3
50942,1.9075,-3.2900,0.7000,3.8669,18.54,-36.11,502.64,504.28,502.64,1893.60,4.4688,30.92,76.89,2.0312,49.17,0,5.3
51042,2.2750,-5.3725,1.6100,6.0524,26.35,-25.38,503.13,504.46,503.13,554.64,4.4688,30.92,76.89,2.0312,49.17,0,5.3
51142,1.5925,-5.1100,-2.6075,5.9538,20.50,-28.91,492.27,493.54,492.27,622.36,4.4688,30.92,76.89,2.0312,49.17,0,5.3
51244,-0.3500,2.6250,-1.8375,3.2233,26.60,-27.21,503.49,504.93,503.49,395.21,5.6875,31.54,131.20,0.4062,62.07,0,5.0
51342,-0.1750,3.4475,-0.4725,3.4841,29.40,-25.62,498.00,499.53,498.00,1176.94,5.6875,31.54,131.20,0.4062,62.07,0,5.0
51442,-0.4900,0.3500,-1.4000,1.5240,31.84,-19.28,494.95,496.35,494.95,906.60,5.6875,31.54,131.20,0.4062,62.07,0,5.0
51542,-0.8050,2.5375,-2.4500,3.6179,29.28,-23.42,498.37,499.78,498.37,1038.39,5.6875,31.54,131.20,0.4062,62.07,0,5.0
51642,-0.8750,0.1925,-2.0825,2.2670,30.26,-18.18,483.12,484.41,483.12,366.16,5.6875,31.54,131.20,0.4062,62.07,0,5.0
51742,-0.1050,3.2200,0.2800,3.2339,26.35,-24.89,499.22,500.54,499.22,234.84,5.6875,31.54,131.20,0.4062,62.07,0,5.0
