SWV ITM Data Console - ITM Port: 0

=== PARKINSON TREMOR MONITOR ===
IMU init... OK
FFT INIT STATUS: 0
TIME_MS,GX_DPS,GY_DPS,GZ_DPS,GYRO_MAG,AX_MG,AY_MG,AZ_MG,ACCEL_MAG,ACCEL_VERT,JERK_MG_S,DOMINANT_HZ,PEAK_FFT_MAG,BAND_ENERGY,GLOBAL_HZ,GLOBAL_MAG,TREMOR,TREMOR_PCT
142,0.4200,-0.6475,0.1050,0.7789,-33.43,22.94,498.74,500.38,498.74,301.36,0.0000,0.00,0.00,0.0000,0.00,0,0.0
242,0.4375,-0.6650,0.1225,0.8054,-34.28,23.42,497.15,498.88,497.15,164.18,0.0000,0.00,0.00,0.0000,0.00,0,0.0
342,0.4725,-0.7000,0.1050,0.8510,-34.77,23.42,496.30,498.06,496.30,123.54,0.0000,0.00,0.00,0.0000,0.00,0,0.0
442,0.4025,-0.5775,0.1925,0.7298,-35.01,25.25,495.56,497.44,495.56,115.04,0.0000,0.00,0.00,0.0000,0.00,0,0.0
542,0.4550,-0.5775,0.1050,0.7427,-35.87,24.77,497.27,499.18,497.27,78.21,0.0000,0.00,0.00,0.0000,0.00,0,0.0
642,0.4550,-0.5775,0.1400,0.7484,-33.67,23.79,496.91,498.61,496.91,93.94,0.0000,0.00,0.00,0.0000,0.00,0,0.0
742,0.4375,-0.5950,0.0875,0.7437,-34.77,23.91,497.03,498.82,497.03,24.58,0.0000,0.00,0.00,0.0000,0.00,0,0.0
842,0.4200,-0.5775,0.1225,0.7245,-34.40,23.42,497.27,499.01,497.27,89.95,0.0000,0.00,0.00,0.0000,0.00,0,0.0
942,0.4025,-0.6125,0.1400,0.7462,-33.67,24.03,497.03,498.75,497.03,101.94,0.0000,0.00,0.00,0.0000,0.00,0,0.0
1042,0.4200,-0.5775,0.0875,0.7194,-34.16,24.52,496.17,497.95,496.17,68.58,0.0000,0.00,0.00,0.0000,0.00,0,0.0
1142,0.4375,-0.5950,0.0875,0.7437,-33.06,23.67,495.56,497.23,495.56,160.75,0.0000,0.00,0.00,0.0000,0.00,0,0.0
1242,0.4550,-0.5950,0.1225,0.7590,-35.38,24.16,496.17,498.02,496.17,105.94,0.0000,0.00,0.00,0.0000,0.00,0,0.0
1342,0.4550,-0.6125,0.1575,0.7791,-34.04,25.74,495.81,497.64,495.81,139.07,0.0000,0.00,0.00,0.0000,0.00,0,0.0
1442,0.4375,-0.5425,0.1050,0.7048,-33.92,22.57,487.27,488.97,487.27,897.51,0.0000,0.00,0.00,0.0000,0.00,0,0.0
1542,0.4025,-0.5075,0.1050,0.6562,-34.04,23.91,494.71,496.46,494.71,740.65,0.0000,0.00,0.00,0.0000,0.00,0,0.0
1642,0.4375,-0.5775,0.1050,0.7321,-34.53,23.67,499.96,501.71,499.96,334.45,0.0000,0.00,0.00,0.0000,0.00,0,0.0
1742,0.4725,-0.6125,0.1225,0.7832,-34.28,24.40,496.17,497.96,496.17,152.30,0.0000,0.00,0.00,0.0000,0.00,0,0.0
1842,0.4025,-0.6125,0.1050,0.7404,-34.53,25.50,495.20,497.05,495.20,61.35,0.0000,0.00,0.00,0.0000,0.00,0,0.0
1942,0.4725,-0.5425,0.0875,0.7247,-34.04,25.25,492.39,494.21,492.39,394.51,0.0000,0.00,0.00,0.0000,0.00,0,0.0
2042,0.4725,-0.6300,0.1225,0.7970,-34.16,24.52,495.56,497.34,495.56,62.36,0.0000,0.00,0.00,0.0000,0.00,0,0.0
2142,0.2450,-0.7175,0.0700,0.7614,-33.67,25.50,495.56,497.36,495.56,159.68,0.0000,0.00,0.00,0.0000,0.00,0,0.0
2242,0.2800,-0.2450,-1.9425,1.9778,-32.94,22.81,495.93,497.55,495.93,49.23,0.0000,0.00,0.00,0.0000,0.00,0,0.0
2342,1.6625,-0.8925,1.6625,2.5148,-32.57,25.38,497.03,498.74,497.03,129.42,0.0000,0.00,0.00,0.0000,0.00,0,0.0
2442,-0.1925,-0.4900,-0.0875,0.5337,-35.01,21.72,496.05,497.76,496.05,58.88,0.0000,0.00,0.00,0.0000,0.00,0,0.0
2542,0.3500,9.8175,-13.0550,16.3383,-54.41,38.92,517.89,522.19,517.89,560.79,0.0000,0.00,0.00,0.0000,0.00,0,0.0
2642,1.0500,13.9825,-17.9550,22.7815,-57.34,23.79,489.46,493.39,489.46,608.91,3.6562,2.04,7.83,0.4062,106.73,0,0.0
2742,12.7750,-19.0925,-37.1175,43.6513,-51.12,44.16,494.47,499.06,494.47,1301.18,3.6562,2.04,7.83,0.4062,106.73,0,0.0
2842,-43.1200,-43.8900,-12.3025,62.7457,-18.30,23.18,524.36,525.19,524.36,1795.08,3.6562,2.04,7.83,0.4062,106.73,0,0.0
2942,23.3450,-29.3475,-13.9650,40.0161,20.01,15.37,521.92,522.53,521.92,1825.65,3.6562,2.04,7.83,0.4062,106.73,0,0.0
3042,24.4300,14.1925,-12.5825,30.9285,27.33,25.38,475.31,476.77,475.31,736.96,3.6562,2.04,7.83,0.4062,106.73,0,0.0
3142,15.7325,26.4775,1.4000,30.8307,5.98,54.53,488.61,491.68,488.61,1832.89,3.6562,2.04,7.83,0.4062,106.73,0,0.0
3242,-7.7875,-16.5025,-15.4000,23.8776,-5.86,30.13,499.10,500.05,499.10,842.64,3.6562,2.04,7.83,0.4062,106.73,0,0.0
3342,-4.5500,-7.8925,-35.5425,36.6915,-17.08,29.77,496.78,497.97,496.78,2241.42,3.6562,2.04,7.83,0.4062,106.73,0,0.0
3442,-22.2250,3.9200,-32.2000,39.3212,-10.37,-10.98,527.65,527.87,527.65,1531.40,3.6562,2.04,7.83,0.4062,106.73,0,0.0
3542,25.4975,-9.8525,-76.9475,81.6585,-17.69,-33.55,487.15,488.62,487.15,1057.10,3.6562,2.04,7.83,0.4062,106.73,0,0.0
3642,-4.8125,75.1275,-120.7325,142.2801,24.03,-60.02,483.61,487.91,483.61,2040.05,3.6562,2.04,7.83,0.4062,106.73,0,0.0
3742,2.0475,12.6525,-106.8200,107.5862,-53.19,-38.43,518.26,522.39,518.26,1632.15,3.6562,2.04,7.83,0.4062,106.73,0,0.0
3842,15.7675,-17.8500,-50.5750,55.9023,-28.67,-8.78,507.52,508.41,507.52,544.55,3.6562,2.04,7.83,0.4062,106.73,0,0.0
3942,5.4600,-25.1125,101.8675,105.0592,43.19,-13.79,513.25,515.25,513.25,1571.44,3.6562,2.04,7.83,0.4062,106.73,0,0.0
4042,2.2750,6.8425,150.4300,150.6027,-43.07,21.35,527.28,529.47,527.28,1969.07,3.6562,2.04,7.83,0.4062,106.73,0,0.0
4142,27.4925,12.0575,145.4950,148.5598,-34.53,37.70,503.13,505.72,503.13,12.53,3.6562,2.04,7.83,0.4062,106.73,0,0.0
4242,0.1050,28.8050,116.9700,120.4646,-44.41,26.47,493.25,495.95,493.25,164.44,3.6562,2.04,7.83,0.4062,106.73,0,0.0
4342,-11.0600,18.5500,104.8775,107.0781,-31.84,7.44,486.41,487.51,486.41,468.71,3.6562,2.04,7.83,0.4062,106.73,0,0.0
4442,-14.7700,-0.7350,90.7725,91.9692,-28.91,24.77,503.62,505.05,503.62,5.75,3.6562,2.04,7.83,0.4062,106.73,0,0.0
4542,26.3375,-10.4300,57.7500,64.3235,-1.83,67.83,464.94,469.87,464.94,1763.81,3.6562,2.04,7.83,0.4062,106.73,0,0.0
4642,-46.1825,-10.9200,23.3975,52.9104,-51.48,10.61,487.51,490.34,487.51,4202.32,3.6562,2.04,7.83,0.4062,106.73,0,0.0
4742,7.0350,8.2775,-105.8925,106.4482,-27.69,15.49,493.61,494.63,493.61,393.88,3.6562,2.04,7.83,0.4062,106.73,0,0.0
4842,0.1225,-5.5300,-103.4775,103.6252,-10.37,8.66,491.05,491.24,491.05,291.05,3.6562,2.04,7.83,0.4062,106.73,0,0.0
4942,3.9550,-14.7875,-80.6400,82.0800,-31.84,6.95,524.48,525.49,524.48,806.93,3.6562,2.04,7.83,0.4062,106.73,0,0.0
5042,-16.8700,-16.3450,-99.6450,102.3762,-16.59,-31.48,514.11,515.34,514.11,154.13,3.6562,2.04,7.83,0.4062,106.73,0,0.0
5142,-0.3850,7.7875,-124.3725,124.6167,2.68,-27.33,488.49,489.26,488.49,622.71,3.6562,2.04,7.83,0.4062,106.73,0,0.0
5242,2.7125,34.3350,-122.2375,126.9971,-23.91,-30.99,509.47,510.97,509.47,597.69,5.2812,813.78,4279.10,0.4062,2851.79,0,0.0
5342,5.7400,3.9900,-71.2775,71.6195,-10.49,-63.20,486.66,490.86,486.66,397.63,5.2812,813.78,4279.10,0.4062,2851.79,0,0.0
5442,-14.7000,-16.2925,-59.3250,63.2534,0.37,-77.71,486.78,492.94,486.78,1187.58,5.2812,813.78,4279.10,0.4062,2851.79,0,0.0
5542,10.6925,8.6800,-55.9300,57.6007,9.64,-82.23,465.43,472.74,465.43,1354.59,5.2812,813.78,4279.10,0.4062,2851.79,0,0.0
5642,13.7550,17.8325,-34.6675,41.3405,-36.60,-61.12,486.54,491.72,486.54,666.93,5.2812,813.78,4279.10,0.4062,2851.79,0,0.0
5742,-7.5250,-26.2675,124.4075,127.3728,0.98,-46.73,455.43,457.82,455.43,289.56,5.2812,813.78,4279.10,0.4062,2851.79,0,0.0
5842,9.4500,-6.3700,163.5550,163.9516,-35.99,-64.78,481.90,487.56,481.90,1055.30,5.2812,813.78,4279.10,0.4062,2851.79,0,0.0
5942,4.6725,4.0250,93.2225,93.4263,-25.50,-13.42,484.83,485.68,484.83,315.03,5.2812,813.78,4279.10,0.4062,2851.79,0,0.0
6042,-3.5000,-7.0700,99.4000,99.7126,-37.70,10.86,492.39,493.95,492.39,80.54,5.2812,813.78,4279.10,0.4062,2851.79,0,0.0
6142,-26.6875,13.4400,117.4250,121.1672,-55.75,8.78,524.11,527.14,524.11,1288.78,5.2812,813.78,4279.10,0.4062,2851.79,0,0.0
6242,-33.3025,24.5350,117.4075,124.4811,-76.74,-2.20,471.77,477.98,471.77,488.76,5.2812,813.78,4279.10,0.4062,2851.79,0,0.0
6342,-30.8000,-9.5550,77.3675,83.8193,-99.80,-28.55,486.17,497.13,486.17,2471.67,5.2812,813.78,4279.10,0.4062,2851.79,0,0.0
6442,-54.4600,-47.3725,72.5550,102.3439,-73.08,-51.12,505.69,513.49,505.69,1230.39,5.2812,813.78,4279.10,0.4062,2851.79,0,0.0
6542,-19.7225,-17.7975,46.2175,53.3084,-47.82,-55.14,480.92,486.43,480.92,800.42,5.2812,813.78,4279.10,0.4062,2851.79,0,0.0
6642,15.6450,-24.5350,42.2100,51.2681,-57.71,-37.94,480.80,485.74,480.80,134.51,5.2812,813.78,4279.10,0.4062,2851.79,0,0.0
6742,38.9025,1.1550,-103.3375,110.4236,-25.86,-26.47,491.42,492.81,491.42,1893.86,5.2812,813.78,4279.10,0.4062,2851.79,0,0.0
6842,18.1825,1.7325,-139.9125,141.0997,-55.14,-14.15,467.87,471.32,467.87,16.62,5.2812,813.78,4279.10,0.4062,2851.79,0,0.0
6942,36.1375,-46.5150,-128.5200,141.3752,-7.32,-11.35,493.86,494.04,493.86,123.20,5.2812,813.78,4279.10,0.4062,2851.79,0,0.0
7042,41.0375,-20.1075,-102.1300,111.8880,-6.47,6.22,523.62,523.70,523.62,59.59,5.2812,813.78,4279.10,0.4062,2851.79,0,0.0
7142,-9.4325,-14.2275,-114.8350,116.0968,13.79,26.23,486.54,487.44,486.54,4034.91,5.2812,813.78,4279.10,0.4062,2851.79,0,0.0
7242,34.2650,-78.6625,-90.7025,124.8552,9.39,14.64,470.68,471.00,470.68,3982.28,5.2812,813.78,4279.10,0.4062,2851.79,0,0.0
7342,3.8675,-44.2575,-85.9600,96.7616,-11.22,41.36,519.11,520.88,519.11,110.63,5.2812,813.78,4279.10,0.4062,2851.79,0,0.0
7442,-15.1725,-19.7050,-66.0275,70.5558,23.42,25.13,517.77,518.91,517.77,1947.78,5.2812,813.78,4279.10,0.4062,2851.79,0,0.0
7542,9.5550,15.4350,-14.3500,23.1400,22.45,-12.44,512.16,512.80,512.16,421.28,5.2812,813.78,4279.10,0.4062,2851.79,0,0.0
7642,-53.9175,50.3475,169.2775,184.6533,11.71,-33.79,486.41,487.73,486.41,1299.06,5.2812,813.78,4279.10,0.4062,2851.79,0,0.0
7742,16.5375,-7.9100,172.6025,173.5733,-30.50,-38.92,487.88,490.38,487.88,629.14,5.2812,551.93,2260.49,1.2188,2107.34,1,33.3
7842,19.9850,0.2100,108.3950,110.2221,-52.22,19.28,520.70,523.66,520.70,1916.27,5.2812,551.93,2260.49,1.2188,2107.34,1,33.3
7942,-19.2850,-2.9575,86.2575,88.4365,13.42,19.40,485.68,486.25,485.68,2132.99,5.2812,551.93,2260.49,1.2188,2107.34,1,33.3
8042,-11.7425,11.2875,90.1075,91.5678,-5.86,-16.71,472.75,473.08,472.75,193.21,5.2812,551.93,2260.49,1.2188,2107.34,1,33.3
8142,-15.8725,-8.6100,77.7700,79.8388,-37.45,-2.32,476.29,477.76,476.29,846.60,5.2812,551.93,2260.49,1.2188,2107.34,1,33.3
8242,-26.4950,-13.3525,104.3700,108.5052,-34.89,-19.76,489.95,491.59,489.95,1272.66,5.2812,551.93,2260.49,1.2188,2107.34,1,33.3
8342,-7.9275,50.5575,72.4500,88.7012,-44.53,-5.25,490.93,492.97,490.93,483.61,5.2812,551.93,2260.49,1.2188,2107.34,1,33.3
8442,1.9425,15.0150,88.6375,89.9212,-23.79,-23.06,459.70,460.89,459.70,187.41,5.2812,551.93,2260.49,1.2188,2107.34,1,33.3
8542,13.2300,4.3400,9.0475,16.6050,-53.68,-31.72,489.95,493.90,489.95,314.04,5.2812,551.93,2260.49,1.2188,2107.34,1,33.3
8642,27.1075,15.1900,-130.9875,134.6227,-16.71,32.82,520.94,522.24,520.94,739.14,5.2812,551.93,2260.49,1.2188,2107.34,1,33.3
8742,8.2075,-12.3375,-163.8700,164.5386,-3.78,52.34,509.11,511.80,509.11,81.04,5.2812,551.93,2260.49,1.2188,2107.34,1,33.3
8842,-2.4150,-5.1800,-135.6425,135.7628,41.72,19.28,513.74,515.79,513.74,1374.46,5.2812,551.93,2260.49,1.2188,2107.34,1,33.3
8942,24.5875,10.6750,-164.5875,166.7559,-12.32,26.23,488.73,489.59,488.73,692.25,5.2812,551.93,2260.49,1.2188,2107.34,1,33.3
9042,16.4675,51.9050,-141.1025,151.2456,68.20,-120.54,470.80,490.74,470.80,3862.98,5.2812,551.93,2260.49,1.2188,2107.34,1,33.3
9142,19.6175,-31.8150,-119.9800,125.6672,67.34,-118.58,485.68,504.46,485.68,4992.28,5.2812,551.93,2260.49,1.2188,2107.34,1,33.3
9242,10.3075,-21.3675,-110.5125,113.0302,54.05,-47.70,512.89,517.93,512.89,5207.41,5.2812,551.93,2260.49,1.2188,2107.34,1,33.3
9342,-3.1850,-9.5900,-87.6750,88.2554,52.95,16.35,488.37,491.50,488.37,1339.81,5.2812,551.93,2260.49,1.2188,2107.34,1,33.3
9442,9.1525,-4.4975,-43.2250,44.4117,33.06,27.82,498.61,500.48,498.61,125.38,5.2812,551.93,2260.49,1.2188,2107.34,1,33.3
9542,-17.4475,-5.8450,93.9225,95.7080,55.51,20.74,520.57,523.94,520.57,1452.28,5.2812,551.93,2260.49,1.2188,2107.34,1,33.3
9642,11.7425,27.5275,107.1875,111.2871,30.13,24.28,484.83,486.37,484.83,1669.96,5.2812,551.93,2260.49,1.2188,2107.34,1,33.3
9742,-36.4350,-4.3050,120.3650,125.8323,22.57,9.52,478.24,478.87,478.24,2135.05,5.2812,551.93,2260.49,1.2188,2107.34,1,33.3
9842,-16.6600,6.8775,199.1325,199.9465,40.02,19.40,521.31,523.20,521.31,1760.94,5.2812,551.93,2260.49,1.2188,2107.34,1,33.3
9942,-17.2900,-1.6100,137.2000,138.2945,-15.86,30.01,439.44,440.75,439.44,2659.35,5.2812,551.93,2260.49,1.2188,2107.34,1,33.3
10042,-28.3675,-19.6875,100.2400,106.0206,7.32,3.90,480.31,480.39,480.31,950.95,5.2812,551.93,2260.49,1.2188,2107.34,1,33.3
10142,0.6300,-10.7450,128.3800,128.8304,-13.66,-13.79,441.15,441.58,441.15,253.93,5.2812,551.93,2260.49,1.2188,2107.34,1,33.3
10242,32.4275,-4.8475,107.5375,112.4249,-11.22,34.89,500.20,501.54,500.20,1641.97,5.2812,551.93,2260.49,1.2188,2107.34,1,33.3
10342,-14.8400,-6.9650,83.2650,84.8634,0.73,3.42,496.78,496.80,496.78,787.96,3.6562,889.68,2786.08,0.8125,2201.80,1,50.0
10442,8.6450,13.7900,-18.7075,24.7966,-26.35,15.98,512.64,513.57,512.64,1532.04,3.6562,889.68,2786.08,0.8125,2201.80,1,50.0
10542,26.6000,34.2475,-146.8950,153.1620,-44.77,58.56,474.34,480.03,474.34,2029.39,3.6562,889.68,2786.08,0.8125,2201.80,1,50.0
10642,24.0275,-18.9350,-194.3550,196.7478,-30.26,-10.74,510.94,511.94,510.94,7277.88,3.6562,889.68,2786.08,0.8125,2201.80,1,50.0
10742,9.8700,3.3425,-102.5675,103.0955,-42.58,77.96,487.15,495.18,487.15,881.76,3.6562,889.68,2786.08,0.8125,2201.80,1,50.0
10842,-13.8600,14.2800,-137.3225,138.7569,12.20,34.65,487.27,488.65,487.27,71.27,3.6562,889.68,2786.08,0.8125,2201.80,1,50.0
10942,22.1200,16.9925,-135.1350,137.9837,-49.04,134.57,479.46,500.40,479.46,256.06,3.6562,889.68,2786.08,0.8125,2201.80,1,50.0
11042,-60.6025,-15.6275,-109.8650,126.4405,-35.26,106.63,426.39,440.93,426.39,3983.16,3.6562,889.68,2786.08,0.8125,2201.80,1,50.0
11142,25.3225,-21.3675,-91.4900,97.3048,-18.91,59.66,508.01,511.85,508.01,3444.80,3.6562,889.68,2786.08,0.8125,2201.80,1,50.0
11242,33.9325,35.9625,-71.0150,86.5323,7.44,49.90,505.08,507.59,505.08,638.03,3.6562,889.68,2786.08,0.8125,2201.80,1,50.0
11342,-2.8000,-21.4375,-35.4375,41.5117,-1.71,44.77,502.15,504.15,502.15,2736.76,3.6562,889.68,2786.08,0.8125,2201.80,1,50.0
11442,-26.0225,-20.3350,38.3775,50.6312,23.06,-1.34,496.54,497.08,496.54,44.92,3.6562,889.68,2786.08,0.8125,2201.80,1,50.0
11542,-21.0525,-10.9200,183.1025,184.6320,6.10,-19.76,493.12,493.56,493.12,799.54,3.6562,889.68,2786.08,0.8125,2201.80,1,50.0
11642,-24.2375,-25.9350,193.0425,196.2791,-14.27,41.85,509.96,511.87,509.96,2742.23,3.6562,889.68,2786.08,0.8125,2201.80,1,50.0
11742,-5.3200,-85.4875,133.8050,158.8716,50.02,-4.27,506.42,508.90,506.42,2077.34,3.6562,889.68,2786.08,0.8125,2201.80,1,50.0
11842,1.0325,44.7475,151.8300,158.2901,45.99,18.42,471.41,474.00,471.41,3315.05,3.6562,889.68,2786.08,0.8125,2201.80,1,50.0
11942,-30.2750,63.7525,148.7325,164.6278,15.49,40.14,457.13,459.15,457.13,1900.36,3.6562,889.68,2786.08,0.8125,2201.80,1,50.0
12042,-18.6550,-41.9650,127.0850,135.1283,14.15,-4.03,503.98,504.20,503.98,226.89,3.6562,889.68,2786.08,0.8125,2201.80,1,50.0
12142,27.7375,-46.7250,95.3925,109.7831,25.25,-9.64,481.29,482.05,481.29,616.86,3.6562,889.68,2786.08,0.8125,2201.80,1,50.0
12242,25.7250,67.9525,56.6300,92.1210,-46.97,36.48,507.76,511.23,507.76,143.24,3.6562,889.68,2786.08,0.8125,2201.80,1,50.0
12342,-13.7200,-14.5775,-25.3925,32.3345,-10.00,11.22,504.84,505.06,504.84,2618.16,3.6562,889.68,2786.08,0.8125,2201.80,1,50.0
12442,7.9450,-20.8775,-143.2025,144.9343,8.42,34.77,517.28,518.52,517.28,1840.10,3.6562,889.68,2786.08,0.8125,2201.80,1,50.0
12542,-11.8825,6.1425,-120.3825,121.1234,37.82,13.66,489.71,491.36,489.71,1925.02,3.6562,889.68,2786.08,0.8125,2201.80,1,50.0
12642,-14.2975,-16.0650,-114.2575,116.2638,30.01,11.71,478.00,479.08,478.00,3846.90,3.6562,889.68,2786.08,0.8125,2201.80,1,50.0
12742,19.1800,-6.7725,-134.2075,135.7402,32.21,15.01,505.32,506.57,505.32,3550.53,3.6562,889.68,2786.08,0.8125,2201.80,1,50.0
12844,-2.5900,37.1175,-232.4525,235.4115,64.78,15.74,511.67,515.99,511.67,57.16,3.6562,693.23,2148.50,1.2188,2056.06,1,60.0
12942,-4.3925,44.0300,-124.7050,132.3226,-37.58,83.33,461.04,470.01,461.04,339.70,3.6562,693.23,2148.50,1.2188,2056.06,1,60.0
13042,18.7075,-43.3650,-52.6225,70.7080,-9.76,47.70,473.97,476.46,473.97,1654.44,3.6562,693.23,2148.50,1.2188,2056.06,1,60.0
13142,-57.6975,65.3275,-27.8950,91.5140,10.86,51.24,474.70,477.58,474.70,6029.84,3.6562,693.23,2148.50,1.2188,2056.06,1,60.0
13242,1.7325,-10.1675,20.3525,22.8167,26.23,-6.22,523.62,524.32,523.62,1532.50,3.6562,693.23,2148.50,1.2188,2056.06,1,60.0
13342,-13.5100,12.4250,157.6750,158.7397,-52.46,35.50,526.92,530.71,526.92,1754.18,3.6562,693.23,2148.50,1.2188,2056.06,1,60.0
13442,4.2175,7.3675,141.3650,141.6197,-43.19,-20.86,501.66,503.95,501.66,2466.31,3.6562,693.23,2148.50,1.2188,2056.06,1,60.0
13542,-3.9550,-12.6175,105.1225,105.9509,-27.45,25.25,539.97,541.26,539.97,980.50,3.6562,693.23,2148.50,1.2188,2056.06,1,60.0
13642,-33.0750,-8.2600,104.3700,109.7965,-18.91,58.80,480.07,484.03,480.07,611.76,3.6562,693.23,2148.50,1.2188,2056.06,1,60.0
13742,-31.5525,27.7375,139.0550,145.2626,-18.79,-12.44,457.01,457.57,457.01,2483.52,3.6562,693.23,2148.50,1.2188,2056.06,1,60.0
13842,-10.1500,-27.6850,119.1575,122.7517,-53.80,-11.96,478.24,481.41,478.24,488.03,3.6562,693.23,2148.50,1.2188,2056.06,1,60.0
13942,-0.1925,-11.2175,84.4375,85.1796,-26.47,-34.89,489.10,491.06,489.10,488.09,3.6562,693.23,2148.50,1.2188,2056.06,1,60.0
14042,1.4175,12.0750,55.6675,56.9797,-11.47,-23.91,473.36,474.10,473.36,3793.53,3.6562,693.23,2148.50,1.2188,2056.06,1,60.0
14142,8.1200,1.6275,1.9600,8.5103,-79.06,-4.39,489.83,496.19,489.83,1275.36,3.6562,693.23,2148.50,1.2188,2056.06,1,60.0
14242,28.2625,48.8250,-117.4775,130.3212,-61.61,53.56,471.77,478.78,471.77,1425.45,3.6562,693.23,2148.50,1.2188,2056.06,1,60.0
14342,11.2525,46.5150,-108.9900,119.0340,-105.41,16.84,485.32,496.92,485.32,2092.61,3.6562,693.23,2148.50,1.2188,2056.06,1,60.0
14442,-24.9025,-30.8525,-124.3200,130.4894,-22.81,6.71,490.68,491.26,490.68,633.31,3.6562,693.23,2148.50,1.2188,2056.06,1,60.0
14542,22.2600,-4.3050,-116.5150,118.7004,-19.64,0.98,514.84,515.22,514.84,617.14,3.6562,693.23,2148.50,1.2188,2056.06,1,60.0
14642,17.6750,6.2125,-109.6550,111.2440,-40.14,38.92,497.88,501.01,497.88,427.87,3.6562,693.23,2148.50,1.2188,2056.06,1,60.0
14742,2.2050,-39.5850,-71.9250,82.1282,-37.45,48.92,494.71,498.53,494.71,2341.29,3.6562,693.23,2148.50,1.2188,2056.06,1,60.0
14842,46.6200,-73.3425,-37.5550,94.6727,25.99,36.60,521.55,523.48,521.55,2024.77,3.6562,693.23,2148.50,1.2188,2056.06,1,60.0
14942,11.7075,16.4325,-58.1175,61.5202,23.55,31.48,434.93,436.70,434.93,140.12,3.6562,693.23,2148.50,1.2188,2056.06,1,60.0
15042,-4.7250,-10.6925,36.9600,38.7646,26.84,-12.69,471.77,472.71,471.77,425.00,3.6562,693.23,2148.50,1.2188,2056.06,1,60.0
15142,-10.7975,-5.7575,146.7375,147.2468,-17.93,53.44,491.78,495.00,491.78,776.68,3.6562,693.23,2148.50,1.2188,2056.06,1,60.0
15242,-4.9000,-7.0000,168.5600,168.7764,33.43,-9.15,516.43,517.59,516.43,792.07,3.6562,693.23,2148.50,1.2188,2056.06,1,60.0
15342,-9.0475,-23.0650,136.0975,138.3343,1.10,-43.80,485.68,487.65,485.68,1275.38,3.6562,693.23,2148.50,1.2188,2056.06,1,60.0
15442,-12.7225,59.8325,144.6025,157.0085,-24.77,-63.56,502.88,507.49,502.88,1604.94,3.6562,913.20,3460.36,1.2188,2235.28,1,66.7
15542,7.0525,-29.0325,79.6250,85.0457,-121.63,-110.53,498.61,525.00,498.61,3308.00,3.6562,913.20,3460.36,1.2188,2235.28,1,66.7
15642,-36.6800,-66.8150,58.8175,96.2765,-87.96,-56.61,462.75,474.42,462.75,6250.12,3.6562,913.20,3460.36,1.2188,2235.28,1,66.7
15742,25.8475,16.5200,40.5125,50.8160,-76.74,-32.70,505.32,512.16,505.32,508.98,3.6562,913.20,3460.36,1.2188,2235.28,1,66.7
15842,19.7050,8.3125,-58.2925,62.0919,-62.95,27.82,492.27,497.06,492.27,733.18,3.6562,913.20,3460.36,1.2188,2235.28,1,66.7
15942,42.2275,-20.7725,-167.1425,173.6412,6.10,68.44,457.99,463.11,457.99,2816.89,3.6562,913.20,3460.36,1.2188,2235.28,1,66.7
16042,13.3525,-0.9100,-151.6550,152.2444,-26.47,53.44,462.75,466.57,462.75,1546.67,3.6562,913.20,3460.36,1.2188,2235.28,1,66.7
16142,-10.2900,41.9475,-95.3750,104.6989,-8.66,78.08,503.98,510.07,503.98,1897.40,3.6562,913.20,3460.36,1.2188,2235.28,1,66.7
16242,18.1825,16.6600,-75.2675,79.2045,1.22,-13.91,480.80,481.00,480.80,478.75,3.6562,913.20,3460.36,1.2188,2235.28,1,66.7
16342,14.1050,-47.7925,-56.8400,75.5901,11.47,6.71,488.24,488.42,488.24,1347.65,3.6562,913.20,3460.36,1.2188,2235.28,1,66.7
16442,-2.6775,-30.3800,-57.0500,64.6902,-5.86,29.28,521.06,521.92,521.06,692.22,3.6562,913.20,3460.36,1.2188,2235.28,1,66.7
16542,2.2050,-17.6400,-20.5100,27.1421,-36.36,40.87,504.10,507.06,504.10,1641.33,3.6562,913.20,3460.36,1.2188,2235.28,1,66.7
16642,-25.3050,7.7525,60.6025,66.1295,-12.44,24.89,513.38,514.13,513.38,115.36,3.6562,913.20,3460.36,1.2188,2235.28,1,66.7
16742,5.3900,26.4075,114.6600,117.7851,-20.86,25.99,465.06,466.26,465.06,2307.20,3.6562,913.20,3460.36,1.2188,2235.28,1,66.7
16842,32.8125,-9.0475,113.0325,118.0460,21.84,15.62,496.42,497.14,496.42,491.97,3.6562,913.20,3460.36,1.2188,2235.28,1,66.7
16942,-4.3575,22.3650,115.3250,117.5544,-13.30,14.15,473.36,473.76,473.36,550.42,3.6562,913.20,3460.36,1.2188,2235.28,1,66.7
17042,-18.5675,-16.6075,93.9225,97.1699,-25.50,21.35,486.29,487.43,486.29,378.56,3.6562,913.20,3460.36,1.2188,2235.28,1,66.7
17142,-26.8975,-28.1225,67.8650,78.2305,-24.77,14.15,481.78,482.62,481.78,573.79,3.6562,913.20,3460.36,1.2188,2235.28,1,66.7
17242,-14.3850,-8.0150,36.5225,40.0632,-29.40,-4.64,495.56,496.46,495.56,179.85,3.6562,913.20,3460.36,1.2188,2235.28,1,66.7
17342,-9.6950,12.2325,-24.5175,29.0643,-15.86,0.37,505.69,505.94,505.69,1054.38,3.6562,913.20,3460.36,1.2188,2235.28,1,66.7
17442,15.9250,7.8575,-130.4275,131.6308,3.66,15.62,511.67,511.92,511.67,257.34,3.6562,913.20,3460.36,1.2188,2235.28,1,66.7
17542,31.3075,9.9750,-123.0250,127.3374,-1.83,38.19,489.22,490.71,489.22,2081.59,3.6562,913.20,3460.36,1.2188,2235.28,1,66.7
17642,4.2525,3.4125,-123.7075,123.8276,-21.84,-4.39,507.40,507.89,507.40,425.65,3.6562,913.20,3460.36,1.2188,2235.28,1,66.7
17742,18.7775,-32.1825,-70.0875,79.3761,-1.46,8.78,471.04,471.13,471.04,323.65,3.6562,913.20,3460.36,1.2188,2235.28,1,66.7
17842,2.9225,4.1300,-65.6250,65.8197,6.71,40.75,481.53,483.30,481.53,799.57,3.6562,913.20,3460.36,1.2188,2235.28,1,66.7
17942,10.7450,-40.7400,-65.4850,77.8684,46.97,-5.37,516.55,518.71,516.55,1155.78,3.6562,913.20,3460.36,1.2188,2235.28,1,66.7
18042,-8.4000,4.7250,-22.4000,24.3854,20.98,-12.20,489.95,490.55,489.95,719.82,4.0625,973.96,3305.32,1.2188,2998.43,1,71.4
18142,-12.4425,5.3900,20.2300,24.3541,38.19,-36.23,485.07,487.92,485.07,39.96,4.0625,973.96,3305.32,1.2188,2998.43,1,71.4
18242,6.9125,-8.0325,109.2525,109.7653,7.81,-18.91,521.55,521.95,521.55,3786.96,4.0625,973.96,3305.32,1.2188,2998.43,1,71.4
18342,-6.5625,6.0375,139.2125,139.4978,-7.93,4.64,506.42,506.51,506.42,652.62,4.0625,973.96,3305.32,1.2188,2998.43,1,71.4
18442,16.0825,26.6525,106.0325,110.5074,20.62,0.00,474.82,475.27,474.82,2673.44,4.0625,973.96,3305.32,1.2188,2998.43,1,71.4
18542,-18.0950,-18.4975,112.2625,115.2061,-65.15,13.05,489.71,494.19,489.71,2960.58,4.0625,973.96,3305.32,1.2188,2998.43,1,71.4
18642,-6.9825,4.9700,80.6575,81.1116,-39.16,4.88,495.44,497.01,495.44,156.50,4.0625,973.96,3305.32,1.2188,2998.43,1,71.4
18742,-14.4900,-21.8225,49.5425,56.0414,-58.68,-5.25,476.65,480.28,476.65,1333.43,4.0625,973.96,3305.32,1.2188,2998.43,1,71.4
18842,-5.2325,-23.6775,-3.0800,24.4436,-6.22,37.33,496.17,497.62,496.17,551.77,4.0625,973.96,3305.32,1.2188,2998.43,1,71.4
18942,41.0900,-20.3350,-179.0950,184.8700,-18.91,49.29,493.73,496.55,493.73,479.68,4.0625,973.96,3305.32,1.2188,2998.43,1,71.4
19042,-12.2500,-8.3475,-198.4850,199.0378,16.59,3.78,471.16,471.47,471.16,2179.36,4.0625,973.96,3305.32,1.2188,2998.43,1,71.4
19142,6.0025,13.8775,-98.0700,99.2287,-14.15,-8.30,479.09,479.37,479.09,478.09,4.0625,973.96,3305.32,1.2188,2998.43,1,71.4
19242,-17.5175,1.4000,-96.2675,97.8583,-42.82,7.69,486.66,488.60,486.66,576.10,4.0625,973.96,3305.32,1.2188,2998.43,1,71.4
19342,12.4775,-17.1675,-18.2000,27.9580,-43.43,-0.61,484.22,486.16,484.22,316.47,4.0625,973.96,3305.32,1.2188,2998.43,1,71.4
19442,-5.4250,-6.4925,-33.9850,35.0223,-47.95,3.66,466.53,469.00,466.53,977.71,4.0625,973.96,3305.32,1.2188,2998.43,1,71.4
19542,-12.6175,-5.1625,-56.3500,57.9756,-18.67,-10.61,493.73,494.20,493.73,1192.47,4.0625,973.96,3305.32,1.2188,2998.43,1,71.4
19642,1.8900,-13.5800,29.4000,32.4399,-6.22,-39.53,490.81,492.43,490.81,139.67,4.0625,973.96,3305.32,1.2188,2998.43,1,71.4
19742,-9.3625,-23.5200,132.8950,135.2846,-8.91,-51.24,482.02,484.82,482.02,2204.03,4.0625,973.96,3305.32,1.2188,2998.43,1,71.4
19842,15.3300,24.4475,136.4650,139.4826,-15.37,6.71,497.76,498.04,497.76,513.93,4.0625,973.96,3305.32,1.2188,2998.43,1,71.4
19942,-8.8550,49.3675,175.5250,182.5502,-47.82,19.52,500.57,503.22,500.57,883.72,4.0625,973.96,3305.32,1.2188,2998.43,1,71.4
20042,3.1675,-19.5475,56.8925,60.2403,-61.98,24.40,459.33,464.13,459.33,874.80,4.0625,973.96,3305.32,1.2188,2998.43,1,71.4
20142,-31.6750,-40.7050,23.5900,56.7159,-71.25,7.20,478.85,484.17,478.85,2027.91,4.0625,973.96,3305.32,1.2188,2998.43,1,71.4
20242,-6.7025,-7.8750,20.2475,22.7354,-39.28,2.68,476.78,478.40,476.78,96.77,4.0625,973.96,3305.32,1.2188,2998.43,1,71.4
20342,22.6450,24.7100,-86.4150,92.6873,-51.73,12.93,484.46,487.39,484.46,1844.61,4.0625,973.96,3305.32,1.2188,2998.43,1,71.4
20442,2.7300,-21.2975,-140.4200,142.0522,-36.36,-22.81,504.10,505.93,504.10,441.11,4.0625,973.96,3305.32,1.2188,2998.43,1,71.4
20542,8.1375,3.7450,-95.7425,96.1606,-30.62,2.32,519.72,520.63,519.72,15.42,4.0625,1785.14,6361.33,1.6250,3340.45,1,75.0
20642,-18.2525,5.0400,-91.7700,93.7032,-24.64,25.50,506.42,507.66,506.42,160.39,4.0625,1785.14,6361.33,1.6250,3340.45,1,75.0
20742,-10.6750,-8.8200,-48.2650,50.2121,-37.09,14.27,513.86,515.40,513.86,1071.19,4.0625,1785.14,6361.33,1.6250,3340.45,1,75.0
20842,-9.5375,8.6975,-64.4525,65.7323,-23.06,-45.75,513.01,515.56,513.01,373.60,4.0625,1785.14,6361.33,1.6250,3340.45,1,75.0
20942,-6.1775,8.5050,-27.2300,29.1885,-31.48,-15.01,501.91,503.12,501.91,161.89,4.0625,1785.14,6361.33,1.6250,3340.45,1,75.0
21042,-27.0375,-23.2050,29.6625,46.3612,-26.47,-27.45,499.71,501.17,499.71,1846.62,4.0625,1785.14,6361.33,1.6250,3340.45,1,75.0
21142,2.9925,-22.9250,75.8625,79.3072,-16.59,-45.26,486.17,488.55,486.17,2588.87,4.0625,1785.14,6361.33,1.6250,3340.45,1,75.0
21242,11.2525,-18.7600,78.5750,81.5634,-2.81,9.88,523.75,523.85,523.75,338.76,4.0625,1785.14,6361.33,1.6250,3340.45,1,75.0
21342,13.8425,-20.0025,103.0050,105.8383,16.47,-19.28,485.93,486.59,485.93,424.87,4.0625,1785.14,6361.33,1.6250,3340.45,1,75.0
21442,-5.4950,34.5450,136.2200,140.6394,-45.63,7.08,472.26,474.51,472.26,2458.29,4.0625,1785.14,6361.33,1.6250,3340.45,1,75.0
21542,-32.8475,-7.0000,44.4150,55.6835,-54.29,-22.45,488.85,492.37,488.85,338.13,4.0625,1785.14,6361.33,1.6250,3340.45,1,75.0
21642,-15.7325,-14.9975,26.9500,34.6228,-42.21,-16.47,505.08,507.11,505.08,2183.07,4.0625,1785.14,6361.33,1.6250,3340.45,1,75.0
21742,10.0100,-3.4125,49.2100,50.3336,-17.81,-11.22,498.13,498.57,498.13,2097.70,4.0625,1785.14,6361.33,1.6250,3340.45,1,75.0
21842,12.2325,9.6425,-16.7475,22.8712,-10.86,17.32,496.91,497.33,496.91,71.26,4.0625,1785.14,6361.33,1.6250,3340.45,1,75.0
21942,11.6025,15.9600,-150.2200,151.5104,-26.35,-8.54,508.25,509.01,508.25,261.10,4.0625,1785.14,6361.33,1.6250,3340.45,1,75.0
22042,37.0650,12.7225,-151.9700,156.9413,-44.29,-36.84,501.54,504.84,501.54,2155.93,4.0625,1785.14,6361.33,1.6250,3340.45,1,75.0
22142,8.5925,28.7700,-92.4525,97.2060,-28.18,-88.45,512.52,520.86,512.52,4062.90,4.0625,1785.14,6361.33,1.6250,3340.45,1,75.0
22242,-4.6200,1.8200,-85.2600,85.4045,-26.35,-21.84,504.59,505.75,504.59,1715.54,4.0625,1785.14,6361.33,1.6250,3340.45,1,75.0
22342,7.1575,17.5175,-68.3900,70.9597,-45.87,-16.71,481.66,484.12,481.66,69.62,4.0625,1785.14,6361.33,1.6250,3340.45,1,75.0
22442,6.3700,8.9600,-46.0950,47.3878,-43.68,-9.15,487.63,489.67,487.63,1428.51,4.0625,1785.14,6361.33,1.6250,3340.45,1,75.0
22542,8.8725,-4.0950,-26.9325,28.6505,-46.60,-1.22,515.08,517.19,515.08,2594.98,4.0625,1785.14,6361.33,1.6250,3340.45,1,75.0
22642,-28.2975,-16.3625,48.0550,58.1185,-26.72,1.22,483.61,484.35,483.61,330.20,4.0625,1785.14,6361.33,1.6250,3340.45,1,75.0
22742,-1.4875,-14.3675,89.9500,91.1024,-24.03,-16.10,496.17,497.02,496.17,781.16,4.0625,1785.14,6361.33,1.6250,3340.45,1,75.0
22842,20.2650,-29.9425,90.7025,97.6431,-12.69,-26.84,514.60,515.45,514.60,427.88,4.0625,1785.14,6361.33,1.6250,3340.45,1,75.0
22942,11.2350,40.0400,142.5550,148.4970,-6.83,38.67,533.38,534.83,533.38,136.16,4.0625,1785.14,6361.33,1.6250,3340.45,1,75.0
23042,-0.4725,18.8300,91.9625,93.8717,-39.89,41.60,508.50,511.75,508.50,255.87,4.0625,1785.14,6361.33,1.6250,3340.45,1,75.0
23142,-42.9800,4.5150,80.9550,91.7681,-36.60,10.86,525.09,526.47,525.09,150.87,3.6562,1273.22,3979.29,1.2188,2318.78,1,77.8
23242,-16.8525,-9.5200,56.2975,59.5319,-33.92,-4.39,513.99,515.12,513.99,930.64,3.6562,1273.22,3979.29,1.2188,2318.78,1,77.8
23342,-11.2875,-14.5775,34.4050,39.0335,-10.13,23.55,484.10,484.77,484.10,1491.76,3.6562,1273.22,3979.29,1.2188,2318.78,1,77.8
23442,13.3175,24.8150,-57.8725,64.3612,-15.49,30.50,494.10,495.28,494.10,1257.78,3.6562,1273.22,3979.29,1.2188,2318.78,1,77.8
23542,3.5700,7.8575,-149.1175,149.3670,-13.79,6.47,454.94,455.19,454.94,1636.94,3.6562,1273.22,3979.29,1.2188,2318.78,1,77.8
23642,12.1275,12.6000,-54.9675,57.6824,-15.37,22.45,514.47,515.19,514.47,1754.12,3.6562,1273.22,3979.29,1.2188,2318.78,1,77.8
23742,2.7300,30.9400,-88.0075,93.3277,-42.46,20.74,541.44,543.49,541.44,2597.52,3.6562,1273.22,3979.29,1.2188,2318.78,1,77.8
23842,25.2525,35.0875,-67.5500,80.1987,-62.46,58.07,492.27,499.60,492.27,1079.87,3.6562,1273.22,3979.29,1.2188,2318.78,1,77.8
23942,4.2700,-1.5750,-25.6550,26.0556,-51.12,22.69,513.25,516.29,513.25,2491.97,3.6562,1273.22,3979.29,1.2188,2318.78,1,77.8
24042,-13.1250,1.5925,-25.9875,29.1574,-44.77,8.17,483.85,485.99,483.85,380.75,3.6562,1273.22,3979.29,1.2188,2318.78,1,77.8
24142,6.9125,-32.8125,9.0475,34.7318,-36.97,2.44,511.30,512.64,511.30,433.53,3.6562,1273.22,3979.29,1.2188,2318.78,1,77.8
24242,1.4350,-11.1650,25.4275,27.8078,31.96,52.22,381.37,386.25,381.37,5672.22,3.6562,1273.22,3979.29,1.2188,2318.78,1,77.8
24342,5.6000,-7.0350,8.9950,12.7185,-27.82,-0.73,533.26,533.99,533.26,1307.99,3.6562,1273.22,3979.29,1.2188,2318.78,1,77.8
24442,-14.0700,7.7350,27.6150,31.9434,-16.84,-8.66,477.39,477.76,477.39,3102.79,3.6562,1273.22,3979.29,1.2188,2318.78,1,77.8
24542,-13.4400,-7.2800,28.8575,32.6556,-13.30,-20.74,522.77,523.35,522.77,1930.54,3.6562,1273.22,3979.29,1.2188,2318.78,1,77.8
24642,1.7500,1.8025,12.5825,12.8309,-8.30,-11.47,502.88,503.08,502.88,66.27,3.6562,1273.22,3979.29,1.2188,2318.78,1,77.8
24742,-9.8175,-9.9225,6.2825,15.3072,-6.10,-30.13,506.54,507.48,506.54,1507.10,3.6562,1273.22,3979.29,1.2188,2318.78,1,77.8
24842,-17.0625,-4.2700,-19.4950,26.2567,10.98,-53.68,455.06,458.35,455.06,13622.77,3.6562,1273.22,3979.29,1.2188,2318.78,1,77.8
24942,56.1925,-15.2425,-8.4875,58.8385,54.41,-22.45,489.34,492.87,489.34,838.18,3.6562,1273.22,3979.29,1.2188,2318.78,1,77.8
25042,4.8825,19.0925,-2.0825,19.8166,27.82,8.30,505.45,506.28,505.45,953.28,3.6562,1273.22,3979.29,1.2188,2318.78,1,77.8
25142,1.6625,3.3425,4.0950,5.5412,3.54,33.67,497.64,498.79,497.64,29.07,3.6562,1273.22,3979.29,1.2188,2318.78,1,77.8
25242,-2.8525,41.6850,64.9950,77.2666,-13.66,60.76,496.30,500.19,496.30,1888.88,3.6562,1273.22,3979.29,1.2188,2318.78,1,77.8
25342,35.6300,-4.8475,32.2000,48.2684,-47.09,55.02,478.12,483.57,478.12,378.05,3.6562,1273.22,3979.29,1.2188,2318.78,1,77.8
25442,9.1350,-1.6450,0.8750,9.3231,-34.53,31.60,496.54,498.74,496.54,27.59,3.6562,1273.22,3979.29,1.2188,2318.78,1,77.8
25542,-0.0350,-0.5950,0.2450,0.6444,-35.14,30.99,497.76,499.96,497.76,201.62,3.6562,1273.22,3979.29,1.2188,2318.78,1,77.8
25644,0.1050,-0.6125,0.1050,0.6302,-33.18,28.79,496.78,498.72,496.78,130.93,4.0625,604.11,2013.76,0.4062,2124.52,1,80.0
25742,0.0175,-0.5775,0.7700,0.9627,-34.40,28.79,495.20,497.23,495.20,108.62,4.0625,604.11,2013.76,0.4062,2124.52,1,80.0
25842,0.2450,-0.6300,0.1225,0.6870,-34.28,29.77,496.30,498.37,496.30,27.81,4.0625,604.11,2013.76,0.4062,2124.52,1,80.0
25942,-0.8400,-0.3675,5.3550,5.4329,-38.80,31.84,495.44,497.98,495.44,98.88,4.0625,604.11,2013.76,0.4062,2124.52,1,80.0
26042,0.1925,-0.5250,2.1700,2.2409,-34.28,32.21,496.30,498.52,496.30,15.66,4.0625,604.11,2013.76,0.4062,2124.52,1,80.0
26142,-0.0875,-0.5775,0.0000,0.5841,-35.50,28.67,496.78,498.88,496.78,96.98,4.0625,604.11,2013.76,0.4062,2124.52,1,80.0
