SWV ITM Data Console - ITM Port: 0

=== PARKINSON TREMOR MONITOR ===
IMU init... OK
FFT INIT STATUS: 0
TIME_MS,GX_DPS,GY_DPS,GZ_DPS,GYRO_MAG,AX_MG,AY_MG,AZ_MG,ACCEL_MAG,ACCEL_VERT,JERK_MG_S,DOMINANT_HZ,PEAK_FFT_MAG,BAND_ENERGY,GLOBAL_HZ,GLOBAL_MAG,TREMOR,TREMOR_PCT
142,-0.7350,6.3350,-1.6275,6.5819,-16.59,3.54,499.96,500.24,499.96,1926.32,0.0000,0.00,0.00,0.0000,0.00,0,0.0
242,2.1350,-20.7200,5.0225,21.4267,-27.21,33.55,510.81,512.64,510.81,3310.02,0.0000,0.00,0.00,0.0000,0.00,0,0.0
342,0.4900,24.7275,-10.5700,26.8964,-13.66,-23.42,502.03,502.76,502.03,3980.10,0.0000,0.00,0.00,0.0000,0.00,0,0.0
442,-13.4925,9.1700,-7.3325,17.8858,-32.94,1.22,524.23,525.27,524.23,1412.19,0.0000,0.00,0.00,0.0000,0.00,0,0.0
542,-8.9425,-10.7100,8.4700,16.3222,-17.45,-9.88,534.60,534.98,534.60,2965.43,0.0000,0.00,0.00,0.0000,0.00,0,0.0
642,-1.0850,-28.5250,-0.1750,28.5462,-31.84,-8.91,460.67,461.86,460.67,1093.02,0.0000,0.00,0.00,0.0000,0.00,0,0.0
742,3.3425,8.3125,-19.4425,21.4075,-25.99,-8.78,468.48,469.28,468.48,1556.66,0.0000,0.00,0.00,0.0000,0.00,0,0.0
842,-1.2600,17.2375,-23.7650,29.3853,-9.03,-27.69,476.29,477.18,476.29,2834.49,0.0000,0.00,0.00,0.0000,0.00,0,0.0
942,-22.8900,-48.1425,-40.8275,67.1456,20.13,5.49,489.22,489.66,489.22,3394.86,0.0000,0.00,0.00,0.0000,0.00,0,0.0
1042,27.0725,-20.6325,-8.2775,35.0305,-5.00,-35.50,503.25,504.53,503.25,3412.94,0.0000,0.00,0.00,0.0000,0.00,0,0.0
1142,20.3000,72.3625,-91.9275,118.7396,-213.38,92.84,482.39,535.58,482.39,1220.30,0.0000,0.00,0.00,0.0000,0.00,0,0.0
1242,41.3525,-7.8050,9.9050,43.2326,116.27,0.49,410.29,426.44,410.29,11005.28,0.0000,0.00,0.00,0.0000,0.00,0,0.0
1342,-9.5900,-63.5075,-50.3650,81.6199,465.80,-153.48,331.84,592.15,331.84,10224.61,0.0000,0.00,0.00,0.0000,0.00,0,0.0
1442,-14.2275,35.3675,-65.8350,76.0758,-247.90,170.92,633.30,701.24,633.30,23669.84,0.0000,0.00,0.00,0.0000,0.00,0,0.0
1542,69.7725,36.7500,99.9775,127.3353,-262.42,223.50,507.64,613.61,507.64,13771.54,0.0000,0.00,0.00,0.0000,0.00,0,0.0
1642,-13.5800,24.2900,-39.8125,48.5742,574.38,-247.42,227.77,665.59,227.77,15794.95,0.0000,0.00,0.00,0.0000,0.00,0,0.0
1742,-22.5225,-55.0725,-84.2625,103.1524,-201.79,139.93,567.30,618.17,567.30,24211.44,0.0000,0.00,0.00,0.0000,0.00,0,0.0
1842,-34.6150,-33.8450,-34.4575,59.4222,-610.24,402.60,865.59,1133.02,865.59,402.37,0.0000,0.00,0.00,0.0000,0.00,0,0.0
1942,33.7925,27.2650,50.5400,66.6304,-417.24,272.18,544.24,737.82,544.24,35444.86,0.0000,0.00,0.00,0.0000,0.00,0,0.0
2042,28.6650,79.8525,73.5175,112.2628,618.30,-218.38,303.78,722.68,303.78,18963.48,0.0000,0.00,0.00,0.0000,0.00,0,0.0
2142,8.0850,67.5675,-38.1150,77.9967,780.07,-317.44,218.75,870.13,218.75,24485.30,0.0000,0.00,0.00,0.0000,0.00,0,0.0
2242,-59.6575,-157.6400,-86.4325,189.4201,-221.92,64.66,294.02,374.00,294.02,51789.98,0.0000,0.00,0.00,0.0000,0.00,0,0.0
2342,2.5550,-6.4050,15.2950,16.7776,-786.90,427.61,1089.46,1410.31,1089.46,18752.28,0.0000,0.00,0.00,0.0000,0.00,0,0.0
2442,-94.1150,10.9725,78.2075,122.8594,-334.77,110.04,282.80,451.83,282.80,11332.36,0.0000,0.00,0.00,0.0000,0.00,0,0.0
2542,0.5600,71.9600,72.5725,102.2024,91.01,-20.01,342.45,354.91,342.45,26341.50,0.0000,0.00,0.00,0.0000,0.00,0,0.0
2642,129.6400,68.6700,20.0550,148.0686,350.99,-18.06,360.14,503.22,360.14,1998.18,5.6875,758.21,3665.37,0.4062,2281.12,0,0.0
2742,-6.4400,-42.9100,-44.6075,62.2300,208.13,-68.20,299.75,371.24,299.75,495.73,5.6875,758.21,3665.37,0.4062,2281.12,0,0.0
2842,-21.6825,83.4050,-7.5775,86.5098,23.67,26.35,477.51,478.82,477.51,7945.32,5.6875,758.21,3665.37,0.4062,2281.12,0,0.0
2942,27.0550,17.0625,22.2425,38.9593,377.10,-101.50,506.54,639.61,506.54,3413.71,5.6875,758.21,3665.37,0.4062,2281.12,0,0.0
3042,-40.7575,27.4400,-102.1650,113.3658,38.80,-45.51,411.63,415.95,411.63,14489.13,5.6875,758.21,3665.37,0.4062,2281.12,0,0.0
3142,-1.7675,-42.8575,-46.0775,62.9526,-413.09,182.39,654.90,795.49,654.90,1101.21,5.6875,758.21,3665.37,0.4062,2281.12,0,0.0
3242,89.0750,18.5675,83.8075,123.7045,308.05,-80.15,376.25,492.83,376.25,13236.06,5.6875,758.21,3665.37,0.4062,2281.12,0,0.0
3342,6.5275,22.1725,6.7025,24.0656,477.14,-87.35,398.57,627.82,398.57,12743.34,5.6875,758.21,3665.37,0.4062,2281.12,0,0.0
3442,-69.4050,58.9400,-103.5650,137.9010,-37.94,73.81,768.36,772.83,768.36,19929.14,5.6875,758.21,3665.37,0.4062,2281.12,0,0.0
3542,28.3850,-72.1700,55.2825,95.2385,-439.32,159.94,359.05,589.49,359.05,19289.47,5.6875,758.21,3665.37,0.4062,2281.12,0,0.0
3642,-13.7200,110.3900,71.4700,132.2201,640.62,-246.56,206.18,716.73,206.18,16562.78,5.6875,758.21,3665.37,0.4062,2281.12,0,0.0
3742,-7.7175,-100.3450,-73.0450,124.3553,854.37,41.60,190.44,876.32,190.44,10377.91,5.6875,758.21,3665.37,0.4062,2281.12,0,0.0
3842,-26.8100,42.2625,-138.1275,146.9153,-912.44,288.29,1686.65,1939.19,1686.65,21054.55,5.6875,758.21,3665.37,0.4062,2281.12,0,0.0
3942,56.0525,-220.6575,100.3975,248.8198,-686.25,466.89,732.98,1107.33,732.98,72005.73,5.6875,758.21,3665.37,0.4062,2281.12,0,0.0
4042,271.3725,-118.7200,404.6700,501.4930,1203.53,-708.82,439.93,1464.39,439.93,10697.31,5.6875,758.21,3665.37,0.4062,2281.12,0,0.0
4142,-473.2000,-270.8475,-229.0050,591.3712,-265.96,332.69,267.79,503.12,267.79,31336.16,5.6875,758.21,3665.37,0.4062,2281.12,0,0.0
4242,-117.5300,-327.2325,116.9000,366.8242,-256.08,608.78,1606.13,1736.62,1606.13,24828.59,5.6875,758.21,3665.37,0.4062,2281.12,0,0.0
4342,-124.9150,263.2000,252.0700,385.2497,615.12,209.60,593.41,880.02,593.41,107235.70,5.6875,758.21,3665.37,0.4062,2281.12,0,0.0
4442,-31.7975,-24.1325,-70.9450,81.4042,219.60,23.06,308.54,379.41,308.54,4500.02,5.6875,758.21,3665.37,0.4062,2281.12,0,0.0
4542,-10.1500,-88.4450,-38.3775,96.9452,75.40,60.39,454.33,464.48,454.33,2688.71,5.6875,758.21,3665.37,0.4062,2281.12,0,0.0
4642,21.3500,2.8525,56.9975,60.9317,-119.32,188.37,490.44,538.75,490.44,7046.11,5.6875,758.21,3665.37,0.4062,2281.12,0,0.0
4742,-95.6725,-68.9850,-5.1275,118.0612,78.45,132.13,782.63,797.57,782.63,18158.29,5.6875,758.21,3665.37,0.4062,2281.12,0,0.0
4842,0.3150,68.2150,-26.8800,73.3207,241.32,-101.02,159.33,306.31,159.33,2334.58,5.6875,758.21,3665.37,0.4062,2281.12,0,0.0
4942,-36.7325,-9.7825,60.1300,71.1378,-479.70,252.05,785.31,954.13,785.31,5504.10,5.6875,758.21,3665.37,0.4062,2281.12,0,0.0
5042,3.1675,-61.7050,-69.5625,93.0402,305.24,-123.22,449.94,557.49,449.94,3926.95,5.6875,758.21,3665.37,0.4062,2281.12,0,0.0
5142,16.4325,-81.2875,1.9950,82.9558,-452.01,142.37,717.97,860.27,717.97,9251.89,5.6875,758.21,3665.37,0.4062,2281.12,0,0.0
5242,12.7575,-38.4125,107.1875,114.5750,-342.94,181.90,507.15,638.67,507.15,8922.28,5.6875,1517.96,6778.44,0.8125,8243.11,1,50.0
5342,-24.1850,79.7825,-27.6850,87.8443,1168.64,-351.97,582.55,1352.39,582.55,16053.78,5.6875,1517.96,6778.44,0.8125,8243.11,1,50.0
5442,-113.9775,-94.2200,-71.5050,164.2597,-250.59,40.14,362.22,442.28,362.22,57461.85,5.6875,1517.96,6778.44,0.8125,8243.11,1,50.0
5542,12.4950,-71.5225,-8.6625,73.1207,-999.42,421.88,468.72,1181.75,468.72,27738.25,5.6875,1517.96,6778.44,0.8125,8243.11,1,50.0
5642,63.3850,-64.1375,55.2825,105.7707,257.91,-45.38,485.68,551.78,485.68,19219.03,5.6875,1517.96,6778.44,0.8125,8243.11,1,50.0
5742,32.1650,108.5175,28.2800,116.6636,860.34,-162.75,390.64,958.79,390.64,14547.14,5.6875,1517.96,6778.44,0.8125,8243.11,1,50.0
5842,-21.0700,-55.1075,-49.2450,76.8495,-173.48,5.37,270.60,321.48,270.60,15394.12,5.6875,1517.96,6778.44,0.8125,8243.11,1,50.0
5942,-18.1475,8.0850,-119.9275,121.5619,-585.97,26.23,882.06,1059.28,882.06,10430.81,5.6875,1517.96,6778.44,0.8125,8243.11,1,50.0
6042,-18.1825,-101.2200,-21.4200,105.0472,-1029.80,278.77,497.88,1177.32,497.88,45752.47,5.6875,1517.96,6778.44,0.8125,8243.11,1,50.0
6142,32.8125,-38.1675,71.0325,87.0576,18.54,108.95,332.45,350.34,332.45,48167.61,5.6875,1517.96,6778.44,0.8125,8243.11,1,50.0
6242,65.2925,108.0800,24.7450,128.6729,995.03,-151.89,672.46,1210.52,672.46,34590.70,5.6875,1517.96,6778.44,0.8125,8243.11,1,50.0
6342,-10.1150,-25.0075,-21.9975,34.8077,-87.11,28.30,264.13,279.56,264.13,27670.26,5.6875,1517.96,6778.44,0.8125,8243.11,1,50.0
6442,-16.8525,-45.4125,-64.1025,80.3457,-782.87,175.68,786.41,1123.48,786.41,4342.64,5.6875,1517.96,6778.44,0.8125,8243.11,1,50.0
6542,-33.0225,-0.6125,63.9275,71.9554,-445.54,141.15,310.86,561.31,310.86,14870.36,5.6875,1517.96,6778.44,0.8125,8243.11,1,50.0
6642,13.3175,102.0600,26.4250,106.2633,867.42,-93.09,341.11,936.72,341.11,5889.76,5.6875,1517.96,6778.44,0.8125,8243.11,1,50.0
6742,-2.3450,-5.1100,-15.0675,16.0823,318.66,-38.06,118.10,341.97,118.10,14969.50,5.6875,1517.96,6778.44,0.8125,8243.11,1,50.0
6842,-108.6400,-56.0175,-108.5000,163.4407,-734.56,252.54,822.28,1131.15,822.28,37548.51,5.6875,1517.96,6778.44,0.8125,8243.11,1,50.0
6942,11.6375,21.5600,53.5500,58.8886,-458.60,80.03,914.15,1025.86,914.15,39212.69,5.6875,1517.96,6778.44,0.8125,8243.11,1,50.0
7042,-31.8325,29.3825,26.8625,50.9729,648.43,-61.85,241.93,694.85,241.93,20913.94,5.6875,1517.96,6778.44,0.8125,8243.11,1,50.0
7142,85.7325,46.1475,-14.0175,98.3674,175.44,-18.42,17.57,177.27,17.57,16615.81,5.6875,1517.96,6778.44,0.8125,8243.11,1,50.0
7242,-102.8475,26.9150,-98.4375,144.8860,-919.51,90.28,578.04,1089.85,578.04,24288.70,5.6875,1517.96,6778.44,0.8125,8243.11,1,50.0
7342,13.7550,42.7350,81.5150,93.0601,-330.01,81.01,527.65,627.60,527.65,6759.55,5.6875,1517.96,6778.44,0.8125,8243.11,1,50.0
7442,76.5625,92.4525,-14.3850,120.8975,1361.03,-94.92,695.16,1531.23,695.16,56836.74,5.6875,1517.96,6778.44,0.8125,8243.11,1,50.0
7542,-32.0950,-3.0625,-70.3150,77.3542,-1095.93,246.56,771.65,1362.82,771.65,14247.57,5.6875,1517.96,6778.44,0.8125,8243.11,1,50.0
7642,19.9150,-10.5350,12.1450,25.5948,1263.68,-206.91,802.88,1511.39,802.88,12152.56,5.6875,1517.96,6778.44,0.8125,8243.11,1,50.0
7742,-60.6375,18.4975,-72.4150,96.2445,-1171.69,289.51,697.11,1393.78,697.11,1449.74,3.6562,676.91,2362.90,8.1250,1161.22,1,66.7
7842,-73.9725,-20.8950,44.2750,88.7063,844.85,-195.69,222.53,895.31,222.53,45978.30,3.6562,676.91,2362.90,8.1250,1161.22,1,66.7
7942,-21.7875,-113.4350,-42.8050,123.1847,-868.03,187.03,191.30,908.32,191.30,24384.61,3.6562,676.91,2362.90,8.1250,1161.22,1,66.7
8042,24.0100,-6.3525,93.4325,96.6771,111.26,-0.49,406.02,420.99,406.02,19519.56,3.6562,676.91,2362.90,8.1250,1161.22,1,66.7
8142,21.4725,31.0100,-70.7000,80.1323,91.38,54.66,237.29,260.08,237.29,14187.51,3.6562,676.91,2362.90,8.1250,1161.22,1,66.7
8242,42.0525,44.7475,61.6700,87.0284,-522.77,121.27,628.30,826.29,628.30,33761.50,3.6562,676.91,2362.90,8.1250,1161.22,1,66.7
8342,57.7500,30.7300,-31.7100,72.6974,768.23,-155.79,746.03,1082.13,746.03,23697.87,3.6562,676.91,2362.90,8.1250,1161.22,1,66.7
8442,19.1975,11.9525,37.9225,44.1534,-1019.31,263.28,537.90,1182.22,537.90,14737.71,3.6562,676.91,2362.90,8.1250,1161.22,1,66.7
8542,16.5200,49.5775,-16.0300,54.6608,1311.01,-262.91,707.72,1512.86,707.72,33531.54,3.6562,676.91,2362.90,8.1250,1161.22,1,66.7
8642,-67.8475,-19.5475,-53.1475,88.3745,-1050.18,281.94,607.19,1245.41,607.19,2936.36,3.6562,676.91,2362.90,8.1250,1161.22,1,66.7
8742,-22.0850,-12.5650,35.9625,44.0333,795.68,-114.68,403.33,899.41,403.33,49563.02,3.6562,676.91,2362.90,8.1250,1161.22,1,66.7
8842,13.3175,-80.9725,-40.1800,91.3692,-422.24,131.88,282.19,524.70,282.19,41397.72,3.6562,676.91,2362.90,8.1250,1161.22,1,66.7
8942,54.5125,30.6600,42.6475,75.6998,-725.41,127.98,558.52,924.41,558.52,37557.87,3.6562,676.91,2362.90,8.1250,1161.22,1,66.7
9042,160.5975,-43.1375,203.7525,262.9971,1823.66,53.07,864.13,2018.73,864.13,51189.64,3.6562,676.91,2362.90,8.1250,1161.22,1,66.7
9142,-1.9250,-78.0325,-70.7700,105.3621,-713.70,252.30,651.97,999.04,651.97,31750.46,3.6562,676.91,2362.90,8.1250,1161.22,1,66.7
9242,55.3700,-27.9300,56.9800,84.2178,-422.24,72.83,682.35,805.72,682.35,15066.92,3.6562,676.91,2362.90,8.1250,1161.22,1,66.7
9342,122.1325,50.1025,-18.7600,133.3362,1375.43,-177.39,678.93,1544.09,678.93,37127.75,3.6562,676.91,2362.90,8.1250,1161.22,1,66.7
9442,-171.4825,-46.7425,-155.6625,236.2666,-1010.04,234.73,704.67,1253.73,704.67,22948.17,3.6562,676.91,2362.90,8.1250,1161.22,1,66.7
9542,-26.2850,-19.4250,28.4900,43.3580,-585.23,33.55,425.54,724.37,425.54,10916.38,3.6562,676.91,2362.90,8.1250,1161.22,1,66.7
9642,50.8025,-12.5825,12.8975,53.9032,955.26,-60.15,363.32,1023.79,363.32,9159.38,3.6562,676.91,2362.90,8.1250,1161.22,1,66.7
9742,181.6675,89.0750,64.5400,212.3743,1262.94,-44.29,602.92,1400.18,602.92,50629.21,3.6562,676.91,2362.90,8.1250,1161.22,1,66.7
9842,39.9525,67.2175,57.8025,97.2395,948.31,-40.63,245.10,980.31,245.10,68316.80,3.6562,676.91,2362.90,8.1250,1161.22,1,66.7
9942,-156.8350,-9.2400,-105.6125,189.3056,366.37,8.05,111.75,383.12,111.75,14823.20,3.6562,676.91,2362.90,8.1250,1161.22,1,66.7
10042,-144.5675,-55.1250,-165.3050,226.4161,-368.68,-12.08,335.62,498.71,335.62,48560.23,3.6562,676.91,2362.90,8.1250,1161.22,1,66.7
10142,-64.5225,28.4025,-59.2025,92.0586,-822.40,140.67,690.64,1083.11,690.64,6276.79,3.6562,676.91,2362.90,8.1250,1161.22,1,66.7
10242,-10.1150,-60.6900,51.5200,80.2490,-143.59,61.24,754.94,770.91,754.94,34874.28,3.6562,676.91,2362.90,8.1250,1161.22,1,66.7
10342,16.6600,-32.0075,66.8850,75.9976,113.83,21.23,600.00,611.07,600.00,44065.17,4.0625,642.09,2861.27,0.4062,1209.36,1,75.0
10442,81.7600,50.0150,76.7025,122.7578,681.61,29.40,469.94,828.44,469.94,6694.35,4.0625,642.09,2861.27,0.4062,1209.36,1,75.0
10542,144.1300,89.7050,57.1725,179.1344,1031.02,-19.03,271.94,1066.45,271.94,77583.74,4.0625,642.09,2861.27,0.4062,1209.36,1,75.0
10642,-123.0425,-14.0350,-93.9050,155.4175,-460.31,188.00,685.88,847.15,685.88,25570.50,4.0625,642.09,2861.27,0.4062,1209.36,1,75.0
10742,-21.5600,16.3975,44.9050,52.4421,-114.92,92.60,784.09,797.86,784.09,13804.48,4.0625,642.09,2861.27,0.4062,1209.36,1,75.0
10842,142.4850,-38.8850,59.5700,159.2564,1236.23,-96.38,728.83,1438.31,728.83,19736.39,4.0625,642.09,2861.27,0.4062,1209.36,1,75.0
10942,-153.2125,-73.9200,-134.7325,217.0048,-208.13,80.28,269.01,349.47,269.01,40225.89,4.0625,642.09,2861.27,0.4062,1209.36,1,75.0
11042,-24.2375,-31.6750,2.6950,39.9753,-859.12,154.09,622.93,1072.32,622.93,20710.38,4.0625,642.09,2861.27,0.4062,1209.36,1,75.0
11142,11.4100,-7.5075,67.6375,69.0028,828.50,-72.71,299.14,883.85,299.14,30944.03,4.0625,642.09,2861.27,0.4062,1209.36,1,75.0
11242,107.3450,58.3625,54.4950,133.7865,654.29,1.34,81.25,659.31,81.25,49643.11,4.0625,642.09,2861.27,0.4062,1209.36,1,75.0
11342,-114.7125,-46.9875,-84.9800,150.2943,-681.13,117.24,631.96,936.51,631.96,29514.94,4.0625,642.09,2861.27,0.4062,1209.36,1,75.0
11442,-26.2150,-2.8350,14.2100,29.9531,-540.70,-4.76,591.58,801.47,591.58,26027.94,4.0625,642.09,2861.27,0.4062,1209.36,1,75.0
11542,39.0250,15.1025,59.9375,73.0995,973.68,-64.05,393.57,1052.17,393.57,25107.75,4.0625,642.09,2861.27,0.4062,1209.36,1,75.0
11642,73.2200,13.6675,35.9100,82.6892,163.11,30.74,180.56,245.26,180.56,5131.46,4.0625,642.09,2861.27,0.4062,1209.36,1,75.0
11742,-39.1300,-19.0225,-23.4150,49.4093,-853.76,186.17,702.48,1121.17,702.48,3773.24,4.0625,642.09,2861.27,0.4062,1209.36,1,75.0
11842,8.8025,38.0450,60.8475,72.3002,721.26,-65.27,589.75,933.96,589.75,8184.34,4.0625,642.09,2861.27,0.4062,1209.36,1,75.0
11942,-35.9625,-45.1500,-12.4600,59.0515,-77.35,60.02,263.28,280.89,263.28,25834.64,4.0625,642.09,2861.27,0.4062,1209.36,1,75.0
12042,45.7625,50.5925,49.0525,84.0235,-467.38,85.03,641.60,798.33,641.60,32432.12,4.0625,642.09,2861.27,0.4062,1209.36,1,75.0
12142,37.1700,22.0850,-54.1100,69.2622,605.85,-69.42,444.93,754.88,444.93,28570.19,4.0625,642.09,2861.27,0.4062,1209.36,1,75.0
12242,-10.3075,-0.6825,42.8050,44.0338,-710.16,189.59,572.06,931.41,572.06,27437.03,4.0625,642.09,2861.27,0.4062,1209.36,1,75.0
12342,33.5825,-13.4225,-53.2700,64.3867,809.96,-44.41,476.41,940.73,476.41,23815.04,4.0625,642.09,2861.27,0.4062,1209.36,1,75.0
12442,-23.9750,32.0250,-2.5550,40.0865,-943.79,182.39,692.35,1184.63,692.35,17618.33,4.0625,642.09,2861.27,0.4062,1209.36,1,75.0
12542,-4.1125,18.9525,25.4625,32.0070,1240.50,-139.08,639.65,1402.61,639.65,12836.94,4.0625,642.09,2861.27,0.4062,1209.36,1,75.0
12642,-66.1150,-72.5900,-79.5900,126.3925,-791.05,153.48,515.08,956.36,515.08,24824.49,4.0625,642.09,2861.27,0.4062,1209.36,1,75.0
12742,-94.7275,-26.9500,52.3775,111.5482,176.53,-18.54,351.24,393.54,351.24,47261.66,4.0625,642.09,2861.27,0.4062,1209.36,1,75.0
12844,27.2825,19.7925,-62.8075,71.2802,721.02,70.15,419.44,837.09,419.44,40835.74,5.6875,370.02,1527.74,7.3125,2504.45,1,80.0
12942,-18.4100,13.6150,-13.6325,26.6485,-489.59,61.73,590.97,769.90,590.97,7796.14,5.6875,370.02,1527.74,7.3125,2504.45,1,80.0
13042,0.4550,-14.6125,20.8425,25.4586,228.02,-16.23,534.60,581.43,534.60,1939.44,5.6875,370.02,1527.74,7.3125,2504.45,1,80.0
13142,-75.1275,102.1300,55.7900,138.5179,197.88,-19.89,411.02,456.61,411.02,3666.27,5.6875,370.02,1527.74,7.3125,2504.45,1,80.0
13242,-100.6425,-21.5775,16.2575,104.2056,-51.97,-78.20,425.90,436.13,425.90,8463.89,5.6875,370.02,1527.74,7.3125,2504.45,1,80.0
13342,1.9600,46.8825,59.9025,76.0928,-45.75,-239.24,423.71,488.73,423.71,10019.70,5.6875,370.02,1527.74,7.3125,2504.45,1,80.0
13442,122.5350,-149.5900,-79.9225,209.2358,-86.74,-118.46,346.97,376.75,346.97,2228.20,5.6875,370.02,1527.74,7.3125,2504.45,1,80.0
13542,55.3525,-36.4875,-24.4475,70.6606,193.13,-304.02,355.63,506.16,355.63,15652.26,5.6875,370.02,1527.74,7.3125,2504.45,1,80.0
13642,-87.1850,174.9300,28.9800,197.5894,-244.37,-136.64,486.29,561.13,486.29,478.46,5.6875,370.02,1527.74,7.3125,2504.45,1,80.0
13742,54.3200,-80.5000,75.5825,123.0594,84.30,-337.09,502.52,610.95,502.52,21529.37,5.6875,370.02,1527.74,7.3125,2504.45,1,80.0
13842,-55.7375,-43.0675,62.9650,94.4779,876.94,-533.51,-179.71,1042.08,-179.71,9384.68,5.6875,370.02,1527.74,7.3125,2504.45,1,80.0
13942,-140.3500,88.0775,-151.4275,224.4684,1335.90,-671.49,367.59,1539.69,367.59,96954.71,5.6875,370.02,1527.74,7.3125,2504.45,1,80.0
14042,-34.3875,-4.7425,-140.1925,144.4262,-525.45,118.46,425.05,686.15,425.05,56070.20,5.6875,370.02,1527.74,7.3125,2504.45,1,80.0
14142,-9.2400,-36.5925,-116.2875,122.2586,-1274.41,195.44,695.16,1464.78,695.16,29178.48,5.6875,370.02,1527.74,7.3125,2504.45,1,80.0
14242,163.0475,-125.9825,15.0325,206.5964,-1206.09,184.10,846.31,1484.86,846.31,59228.53,5.6875,370.02,1527.74,7.3125,2504.45,1,80.0
14342,73.4825,-137.6725,17.4300,157.0261,29.52,-365.27,828.99,906.38,828.99,2150.90,5.6875,370.02,1527.74,7.3125,2504.45,1,80.0
14442,115.9375,-93.0825,70.1750,164.4092,9.15,-210.33,492.64,535.73,492.64,8065.67,5.6875,370.02,1527.74,7.3125,2504.45,1,80.0
14542,82.3900,0.5425,111.6325,138.7452,608.05,-393.57,306.22,786.38,306.22,40384.67,5.6875,370.02,1527.74,7.3125,2504.45,1,80.0
14642,-128.4150,34.1075,39.3575,138.5740,1152.78,-398.21,-827.16,1473.66,-827.16,28495.26,5.6875,370.02,1527.74,7.3125,2504.45,1,80.0
14742,-188.8950,48.5100,13.5625,195.4955,815.94,-354.29,-143.72,901.07,-143.72,36710.73,5.6875,370.02,1527.74,7.3125,2504.45,1,80.0
14842,-244.6325,80.8150,12.8100,257.9539,468.72,-201.42,-61.85,513.91,-61.85,14955.05,5.6875,370.02,1527.74,7.3125,2504.45,1,80.0
14942,-176.9250,64.9075,12.9500,188.8998,242.41,-206.30,260.10,411.07,260.10,49376.86,5.6875,370.02,1527.74,7.3125,2504.45,1,80.0
15042,-145.7225,17.6050,0.9975,146.7855,-73.69,-189.47,676.86,706.73,676.86,47235.71,5.6875,370.02,1527.74,7.3125,2504.45,1,80.0
15142,-115.5175,-46.5150,-21.7525,126.4164,25.99,-210.33,995.40,1017.71,995.40,36302.21,5.6875,370.02,1527.74,7.3125,2504.45,1,80.0
15242,137.8125,-147.4375,-72.0300,214.2858,-106.38,-197.52,1961.39,1974.18,1961.39,40492.70,5.6875,370.02,1527.74,7.3125,2504.45,1,80.0
15342,253.3300,-153.6850,-39.8125,298.9652,-338.43,-20.98,1308.08,1351.32,1308.08,94783.62,5.6875,370.02,1527.74,7.3125,2504.45,1,80.0
15442,104.5975,-120.2950,35.3675,163.2862,151.04,-148.72,-36.48,215.08,-36.48,42862.89,5.2812,1338.34,5743.99,0.4062,2618.08,1,83.3
15542,-52.2550,239.5225,95.4275,263.0742,501.18,-325.86,-553.03,814.37,-553.03,5612.25,5.2812,1338.34,5743.99,0.4062,2618.08,1,83.3
15642,-137.1300,87.8675,74.8475,179.2414,736.76,-419.31,-505.20,986.85,-505.20,31934.94,5.2812,1338.34,5743.99,0.4062,2618.08,1,83.3
15742,-264.3375,55.4575,2.5375,270.1042,360.27,-202.76,-242.05,479.05,-242.05,4892.59,5.2812,1338.34,5743.99,0.4062,2618.08,1,83.3
15842,-169.1200,37.1700,21.1750,174.4464,-65.51,-99.67,1181.81,1187.82,1181.81,59300.77,5.2812,1338.34,5743.99,0.4062,2618.08,1,83.3
15942,83.8775,-245.9100,-63.2450,267.4081,10.00,-103.94,1482.79,1486.46,1482.79,31825.11,5.2812,1338.34,5743.99,0.4062,2618.08,1,83.3
16042,123.9175,-188.1775,10.9900,225.5817,-199.84,-144.81,987.47,1017.84,987.47,55806.24,5.2812,1338.34,5743.99,0.4062,2618.08,1,83.3
16142,220.3075,-56.3675,77.5075,240.2501,254.61,-254.49,735.66,819.02,735.66,31183.68,5.2812,1338.34,5743.99,0.4062,2618.08,1,83.3
16242,171.5000,132.1075,39.1825,219.9998,631.72,-295.12,-672.10,968.44,-672.10,27716.69,5.2812,1338.34,5743.99,0.4062,2618.08,1,83.3
16342,-285.5650,-51.0300,-58.1000,295.8497,410.16,-294.63,-589.87,776.52,-589.87,64077.55,5.2812,1338.34,5743.99,0.4062,2618.08,1,83.3
16442,-128.3625,65.7475,1.0850,144.2250,-34.77,-110.78,1108.00,1114.07,1108.00,39316.53,5.2812,1338.34,5743.99,0.4062,2618.08,1,83.3
16542,110.8975,-114.2925,-55.1600,168.5338,7.93,-218.50,1957.86,1970.03,1957.86,44887.01,5.2812,1338.34,5743.99,0.4062,2618.08,1,83.3
16642,281.5925,-91.4725,-30.9400,297.6891,-91.26,52.95,1056.64,1061.90,1056.64,85702.10,5.2812,1338.34,5743.99,0.4062,2618.08,1,83.3
16742,178.1850,-85.5050,18.4450,198.4974,95.65,-94.43,-349.16,374.14,-349.16,44659.23,5.2812,1338.34,5743.99,0.4062,2618.08,1,83.3
16842,-118.7725,5.7225,72.6950,139.3708,371.25,-219.11,-970.63,1062.05,-970.63,36434.35,5.2812,1338.34,5743.99,0.4062,2618.08,1,83.3
16942,-257.7925,95.3925,14.4725,275.2565,214.35,-91.13,579.62,624.67,579.62,53283.06,5.2812,1338.34,5743.99,0.4062,2618.08,1,83.3
17042,-38.6750,21.5425,1.4000,44.2922,235.34,-284.87,1905.64,1941.13,1905.64,2584.45,5.2812,1338.34,5743.99,0.4062,2618.08,1,83.3
17142,300.8250,-123.6900,-82.6000,335.5855,170.68,-90.89,1415.32,1428.47,1415.32,96459.87,5.2812,1338.34,5743.99,0.4062,2618.08,1,83.3
17242,203.3150,-76.4750,-19.9500,218.1362,124.56,-88.33,-79.18,172.01,-79.18,56318.41,5.2812,1338.34,5743.99,0.4062,2618.08,1,83.3
17342,-227.1850,-17.2550,68.5300,237.9225,253.52,-227.29,-879.25,942.88,-879.25,57966.51,5.2812,1338.34,5743.99,0.4062,2618.08,1,83.3
17442,-343.7350,207.3400,34.4050,402.8987,-17.69,24.40,657.70,658.39,657.70,57111.48,5.2812,1338.34,5743.99,0.4062,2618.08,1,83.3
17542,148.0850,-298.0075,-94.0100,345.7969,343.06,-136.64,2974.97,2997.80,2974.97,41194.58,5.2812,1338.34,5743.99,0.4062,2618.08,1,83.3
17642,261.1350,-259.9975,-17.7100,368.9225,409.19,-241.56,1012.11,1118.10,1012.11,31929.57,5.2812,1338.34,5743.99,0.4062,2618.08,1,83.3
17742,130.1650,44.1000,79.1350,158.5878,489.83,-335.50,-234.48,638.34,-234.48,23977.54,5.2812,1338.34,5743.99,0.4062,2618.08,1,83.3
17842,-136.0100,380.7475,99.9950,416.4930,650.50,-239.36,-516.91,864.67,-516.91,26050.40,5.2812,1338.34,5743.99,0.4062,2618.08,1,83.3
17942,-212.6775,187.6175,30.7125,285.2636,358.44,-168.97,-359.41,534.98,-359.41,25553.44,5.2812,1338.34,5743.99,0.4062,2618.08,1,83.3
18042,-266.1925,123.7775,26.3550,294.7438,-54.78,-57.10,365.88,374.34,365.88,72285.65,3.6562,371.96,1890.57,17.0625,2871.90,1,85.7
18142,133.4725,-269.2200,-87.2200,312.8924,94.06,-241.07,2067.78,2083.91,2067.78,51684.72,3.6562,371.96,1890.57,17.0625,2871.90,1,85.7
18242,251.5975,-184.0300,-4.0950,311.7453,277.06,-248.15,-35.99,373.68,-35.99,49316.46,3.6562,371.96,1890.57,17.0625,2871.90,1,85.7
18342,-147.2275,208.7575,52.5875,260.8085,797.64,-331.60,-732.73,1132.73,-732.73,31551.43,3.6562,371.96,1890.57,17.0625,2871.90,1,85.7
18442,-299.1100,298.3925,101.3950,434.4949,-227.77,72.59,429.44,491.50,429.44,59552.93,3.6562,371.96,1890.57,17.0625,2871.90,1,85.7
18542,53.2525,-81.0425,-10.5350,97.5433,45.14,-306.83,1940.65,1965.28,1940.65,35476.07,3.6562,371.96,1890.57,17.0625,2871.90,1,85.7
18642,227.5700,-364.8925,-78.8900,437.2165,-28.18,-153.11,667.71,685.62,667.71,42479.91,3.6562,371.96,1890.57,17.0625,2871.90,1,85.7
18742,189.2975,-116.2350,-27.6850,223.8539,566.32,-376.98,-317.81,750.89,-317.81,44631.98,3.6562,371.96,1890.57,17.0625,2871.90,1,85.7
18842,-257.3900,189.4900,65.9575,326.3533,702.23,-205.33,-831.43,1107.50,-831.43,66582.80,3.6562,371.96,1890.57,17.0625,2871.90,1,85.7
18942,-255.2900,248.7450,69.1950,363.0909,-124.44,35.75,1028.46,1036.58,1028.46,78254.66,3.6562,371.96,1890.57,17.0625,2871.90,1,85.7
19042,260.4350,-315.4900,-92.3825,419.3982,256.93,-138.23,1169.98,1205.81,1169.98,69548.82,3.6562,371.96,1890.57,17.0625,2871.90,1,85.7
19142,239.1025,-242.1475,-43.9775,343.1318,449.33,-324.03,-131.39,569.35,-131.39,39263.45,3.6562,371.96,1890.57,17.0625,2871.90,1,85.7
19242,-113.7675,231.1575,35.8050,260.1131,1016.99,-426.76,-875.96,1408.44,-875.96,35072.13,3.6562,371.96,1890.57,17.0625,2871.90,1,85.7
19342,-359.1175,392.4900,124.3550,546.3313,29.16,56.24,23.30,67.50,23.30,82054.73,3.6562,371.96,1890.57,17.0625,2871.90,1,85.7
19442,19.3200,-119.2275,-46.8125,129.5371,119.44,-199.59,2138.78,2151.39,2138.78,14598.16,3.6562,371.96,1890.57,17.0625,2871.90,1,85.7
19542,282.5375,-286.1075,-60.4275,406.6158,113.70,-54.17,593.04,606.27,593.04,28079.24,3.6562,371.96,1890.57,17.0625,2871.90,1,85.7
19642,122.9900,-124.4075,-67.4625,187.4965,672.34,-380.27,-493.25,916.48,-493.25,42647.53,3.6562,371.96,1890.57,17.0625,2871.90,1,85.7
19742,-206.9200,328.5100,116.4625,405.3372,676.98,-72.83,-627.32,925.82,-627.32,63945.68,3.6562,371.96,1890.57,17.0625,2871.90,1,85.7
19842,-87.2200,221.3750,90.7725,254.6642,-131.15,-108.09,1138.87,1151.48,1138.87,72549.34,3.6562,371.96,1890.57,17.0625,2871.90,1,85.7
19942,237.3700,-257.1100,-71.6800,357.1947,86.62,-105.04,548.02,564.68,548.02,22672.44,3.6562,371.96,1890.57,17.0625,2871.90,1,85.7
20042,89.3025,-117.9150,-10.6400,148.2973,621.22,-374.91,-855.10,1121.46,-855.10,27839.45,3.6562,371.96,1890.57,17.0625,2871.90,1,85.7
20142,-235.5675,269.6750,85.2950,368.0922,396.38,-33.55,-308.78,503.57,-308.78,33810.84,3.6562,371.96,1890.57,17.0625,2871.90,1,85.7
20242,-55.6325,0.7525,9.8175,56.4971,8.05,-243.63,1723.37,1740.53,1723.37,11207.36,3.6562,371.96,1890.57,17.0625,2871.90,1,85.7
20342,269.0100,-215.7400,-102.0250,359.6098,333.18,-150.18,1111.54,1170.08,1111.54,77106.07,3.6562,371.96,1890.57,17.0625,2871.90,1,85.7
20442,237.0375,-190.0850,-113.4525,324.3309,420.29,-265.11,32.45,497.97,32.45,39019.39,3.6562,371.96,1890.57,17.0625,2871.90,1,85.7
20542,-115.0800,223.5100,91.5950,267.5627,846.80,-275.72,-932.69,1289.58,-932.69,25468.26,4.4688,699.45,2548.20,16.2500,5743.17,1,87.5
20642,-240.7825,170.0300,92.6800,308.9919,-10.49,-65.88,634.03,637.53,634.03,77030.02,4.4688,699.45,2548.20,16.2500,5743.17,1,87.5
20742,219.0650,-179.8125,-73.3775,292.7563,311.10,-157.99,1332.73,1377.65,1332.73,52007.79,4.4688,699.45,2548.20,16.2500,5743.17,1,87.5
20842,138.7750,-143.4825,-75.7750,213.5125,702.11,-340.62,-638.91,1008.56,-638.91,34144.37,4.4688,699.45,2548.20,16.2500,5743.17,1,87.5
20942,-308.4375,151.9175,4.7425,343.8533,559.61,0.24,-239.97,608.90,-239.97,4301.49,4.4688,699.45,2548.20,16.2500,5743.17,1,87.5
21042,87.0450,27.6675,-26.4250,95.0821,163.72,-236.07,1806.94,1829.64,1806.94,26738.78,4.4688,699.45,2548.20,16.2500,5743.17,1,87.5
21142,196.6650,-100.3275,-55.0725,227.5428,131.15,-198.01,388.20,455.09,388.20,6276.40,4.4688,699.45,2548.20,16.2500,5743.17,1,87.5
21242,49.1575,-158.4275,-49.9800,173.2447,802.76,-331.72,-561.20,1034.12,-561.20,13839.59,4.4688,699.45,2548.20,16.2500,5743.17,1,87.5
21342,-211.4875,274.4350,145.9500,375.9560,380.15,-108.21,-64.17,400.43,-64.17,8698.39,4.4688,699.45,2548.20,16.2500,5743.17,1,87.5
21442,-71.1900,84.8400,52.9725,122.7678,58.93,-195.08,1570.63,1583.79,1570.63,7522.49,4.4688,699.45,2548.20,16.2500,5743.17,1,87.5
21542,232.6975,-164.4300,-73.4125,294.2359,25.50,-79.06,708.58,713.43,708.58,36006.57,4.4688,699.45,2548.20,16.2500,5743.17,1,87.5
21642,51.3625,-149.3275,-20.4750,159.2358,659.29,-350.26,-718.46,1036.11,-718.46,27720.26,4.4688,699.45,2548.20,16.2500,5743.17,1,87.5
21742,-255.0975,277.9875,118.1775,395.3703,103.82,-39.41,409.31,424.11,409.31,67549.93,4.4688,699.45,2548.20,16.2500,5743.17,1,87.5
21842,137.7425,-123.6550,-61.5825,195.0794,60.51,-197.15,1372.13,1387.55,1372.13,39230.37,4.4688,699.45,2548.20,16.2500,5743.17,1,87.5
21942,256.5150,-272.1425,-110.7050,390.0219,347.33,-196.54,199.35,446.10,199.35,11503.14,4.4688,699.45,2548.20,16.2500,5743.17,1,87.5
22042,-96.7925,120.0675,10.4650,154.5785,758.84,-300.85,-700.89,1075.92,-700.89,8900.14,4.4688,699.45,2548.20,16.2500,5743.17,1,87.5
22142,-216.8250,122.1675,72.4150,259.1947,154.70,-139.69,404.31,454.87,404.31,40943.16,4.4688,699.45,2548.20,16.2500,5743.17,1,87.5
22242,84.9100,-121.6250,-62.2475,160.8636,464.45,-280.11,1271.85,1382.67,1271.85,31887.21,4.4688,699.45,2548.20,16.2500,5743.17,1,87.5
22342,202.1250,-109.9525,-30.2575,232.0767,329.03,-217.53,-35.62,396.04,-35.62,22966.46,4.4688,699.45,2548.20,16.2500,5743.17,1,87.5
22442,-247.0650,203.1750,85.5925,331.1303,698.82,-98.33,-454.33,839.30,-454.33,48520.80,4.4688,699.45,2548.20,16.2500,5743.17,1,87.5
22542,63.0525,90.9475,47.3900,120.3864,49.65,-169.21,1499.62,1509.96,1499.62,26625.17,4.4688,699.45,2548.20,16.2500,5743.17,1,87.5
22642,250.9500,-143.9900,-61.6175,295.8137,184.95,-154.94,242.41,342.02,242.41,1450.69,4.4688,699.45,2548.20,16.2500,5743.17,1,87.5
22742,-74.2350,-99.2425,-46.5500,132.3889,625.98,-421.63,-955.50,1217.63,-955.50,8658.12,4.4688,699.45,2548.20,16.2500,5743.17,1,87.5
22842,-254.4150,210.2975,113.9250,349.1861,266.94,4.03,423.34,500.49,423.34,41136.73,4.4688,699.45,2548.20,16.2500,5743.17,1,87.5
22942,63.3500,-69.2300,-49.7000,106.1890,189.59,-170.92,1343.71,1367.74,1343.71,19727.76,4.4688,699.45,2548.20,16.2500,5743.17,1,87.5
23042,166.6875,-116.3575,-8.5750,203.4633,223.87,-239.36,296.58,442.01,296.58,6116.64,4.4688,699.45,2548.20,16.2500,5743.17,1,87.5
23142,-90.7550,3.8675,86.9575,125.7499,687.71,-350.87,-813.01,1121.18,-813.01,14565.40,4.0625,1667.43,5273.65,15.4375,4664.71,1,88.9
23242,-369.9675,338.3100,127.8025,517.3617,-107.97,170.31,588.16,621.77,588.16,65649.53,4.0625,1667.43,5273.65,15.4375,4664.71,1,88.9
23342,189.4200,-104.2825,-87.1500,233.1306,115.29,-96.14,1665.91,1672.66,1665.91,42693.11,4.0625,1667.43,5273.65,15.4375,4664.71,1,88.9
23442,182.8575,-225.5400,-61.9500,296.8888,325.62,-248.39,-26.47,410.40,-26.47,28027.34,4.0625,1667.43,5273.65,15.4375,4664.71,1,88.9
23542,-254.8000,323.9075,149.5025,438.3949,516.55,-16.71,-374.17,638.05,-374.17,24031.06,4.0625,1667.43,5273.65,15.4375,4664.71,1,88.9
23642,-73.6050,31.9025,36.3650,88.0788,74.30,-221.80,1349.08,1369.20,1349.08,329.70,4.0625,1667.43,5273.65,15.4375,4664.71,1,88.9
23742,201.0925,-193.3400,-68.2325,287.1833,272.91,-148.60,590.24,667.04,590.24,27333.84,4.0625,1667.43,5273.65,15.4375,4664.71,1,88.9
23842,117.8100,-132.3875,-25.3925,179.0263,616.59,-405.16,-650.99,983.93,-650.99,29820.06,4.0625,1667.43,5273.65,15.4375,4664.71,1,88.9
23942,-297.4825,169.9950,98.2625,356.4402,68.56,2.81,367.46,373.82,367.46,61798.06,4.0625,1667.43,5273.65,15.4375,4664.71,1,88.9
24042,114.1000,-71.1900,-75.4950,154.2281,306.95,-107.36,2065.34,2090.78,2065.34,28868.84,4.0625,1667.43,5273.65,15.4375,4664.71,1,88.9
24142,297.1325,-208.3375,-45.7975,365.7727,259.01,-116.39,458.35,539.18,458.35,1210.58,4.0625,1667.43,5273.65,15.4375,4664.71,1,88.9
24242,-93.5550,-9.1525,6.6500,94.2366,629.28,-424.93,-1128.26,1359.97,-1128.26,17089.97,4.0625,1667.43,5273.65,15.4375,4664.71,1,88.9
24342,-284.6550,262.3250,75.4425,394.3785,269.86,-18.30,-20.98,271.30,-20.98,26638.28,4.0625,1667.43,5273.65,15.4375,4664.71,1,88.9
24442,57.1025,-60.3575,-56.0000,100.1984,221.43,-144.45,1773.51,1793.11,1773.51,25623.61,4.0625,1667.43,5273.65,15.4375,4664.71,1,88.9
24542,219.4675,-129.5000,-59.2375,261.6205,260.84,-95.65,703.82,756.67,703.82,26696.12,4.0625,1667.43,5273.65,15.4375,4664.71,1,88.9
24642,261.1525,-237.5100,-93.9225,365.2849,375.27,-240.10,-553.76,710.72,-553.76,61364.65,4.0625,1667.43,5273.65,15.4375,4664.71,1,88.9
24742,-217.1400,317.3275,128.9575,405.5571,658.80,-173.00,-1404.71,1561.14,-1404.71,56002.92,4.0625,1667.43,5273.65,15.4375,4664.71,1,88.9
24842,-292.1275,154.3150,92.7500,343.1533,263.52,-62.34,47.58,274.94,47.58,69299.99,4.0625,1667.43,5273.65,15.4375,4664.71,1,88.9
24942,-284.4275,39.7950,36.7500,289.5396,24.28,-6.95,1183.77,1184.04,1183.77,77525.16,4.0625,1667.43,5273.65,15.4375,4664.71,1,88.9
25042,64.1550,-157.4650,-66.8325,182.6956,-77.84,26.72,2151.71,2153.29,2151.71,20346.28,4.0625,1667.43,5273.65,15.4375,4664.71,1,88.9
25142,307.3175,-246.6975,-100.1350,406.6088,169.21,54.41,1343.71,1355.41,1343.71,62208.72,4.0625,1667.43,5273.65,15.4375,4664.71,1,88.9
25242,320.6175,-228.7075,-93.6775,404.8187,335.01,-173.73,172.75,415.04,172.75,53115.59,4.0625,1667.43,5273.65,15.4375,4664.71,1,88.9
25342,-146.3175,209.5800,128.1700,285.9373,748.23,-262.18,-1191.94,1431.54,-1191.94,49010.60,4.0625,1667.43,5273.65,15.4375,4664.71,1,88.9
25442,-343.4375,329.4025,129.7100,493.2342,627.81,-110.29,-405.16,755.29,-405.16,37550.51,4.0625,1667.43,5273.65,15.4375,4664.71,1,88.9
25542,-275.0825,117.8625,64.5225,306.1456,135.30,-73.32,857.54,871.24,857.54,82793.38,4.0625,1667.43,5273.65,15.4375,4664.71,1,88.9
25644,-64.9600,-121.3800,-18.7775,138.9442,156.04,-88.33,1947.24,1955.48,1947.24,5407.51,3.6562,1467.39,3864.06,15.8438,3234.23,1,90.0
25742,243.0575,-277.1475,-96.5125,381.0543,95.16,48.56,1518.41,1522.17,1518.41,53008.67,3.6562,1467.39,3864.06,15.8438,3234.23,1,90.0
25842,277.3400,-222.1275,-65.5375,361.3216,318.79,-162.14,636.11,729.76,636.11,6761.37,3.6562,1467.39,3864.06,15.8438,3234.23,1,90.0
25942,147.5250,5.9150,37.9575,152.4447,774.21,-153.96,-658.92,1028.24,-658.92,44084.07,3.6562,1467.39,3864.06,15.8438,3234.23,1,90.0
26042,-76.3875,515.0950,221.5675,565.9064,975.15,-160.06,-917.56,1348.50,-917.56,15487.02,3.6562,1467.39,3864.06,15.8438,3234.23,1,90.0
26142,-311.8500,499.8700,123.9350,602.0634,496.30,-101.26,-276.57,577.11,-276.57,16858.55,3.6562,1467.39,3864.06,15.8438,3234.23,1,90.0
26242,23.4325,-226.5200,-79.3275,241.1498,-66.61,-74.91,1578.68,1581.86,1578.68,35503.53,3.6562,1467.39,3864.06,15.8438,3234.23,1,90.0
26342,276.8675,-223.7025,-88.3050,366.7372,214.84,-173.24,457.99,534.72,457.99,19789.57,3.6562,1467.39,3864.06,15.8438,3234.23,1,90.0
26442,44.8525,-40.9675,-39.4800,72.4483,589.38,-377.35,-939.16,1171.23,-939.16,3677.31,3.6562,1467.39,3864.06,15.8438,3234.23,1,90.0
26542,-225.3825,201.3025,115.5525,323.5311,122.49,-64.29,133.83,192.48,133.83,34361.37,3.6562,1467.39,3864.06,15.8438,3234.23,1,90.0
26642,-7.8925,23.1175,5.1450,24.9636,286.21,-80.76,1300.76,1334.33,1300.76,215.17,3.6562,1467.39,3864.06,15.8438,3234.23,1,90.0
26742,197.3125,-150.9550,-71.9775,258.6511,217.89,-154.57,507.15,573.21,507.15,21781.19,3.6562,1467.39,3864.06,15.8438,3234.23,1,90.0
26842,-160.1600,119.7350,25.3225,201.5662,466.41,-159.33,-895.48,1022.16,-895.48,45210.30,3.6562,1467.39,3864.06,15.8438,3234.23,1,90.0
26942,-135.7300,246.1025,40.9850,284.0226,595.24,-83.57,1769.85,1869.14,1769.85,14515.67,3.6562,1467.39,3864.06,15.8438,3234.23,1,90.0
27042,440.7200,-192.0975,-62.4925,484.8102,56.73,72.35,-216.92,235.59,-216.92,38127.23,3.6562,1467.39,3864.06,15.8438,3234.23,1,90.0
27142,-430.5350,-88.6550,37.6250,441.1754,-362.83,34.65,-1476.81,1521.12,-1476.81,56982.26,3.6562,1467.39,3864.06,15.8438,3234.23,1,90.0
27242,-128.3975,30.2750,47.6525,140.2614,-400.04,60.27,1440.94,1496.66,1440.94,35260.04,3.6562,1467.39,3864.06,15.8438,3234.23,1,90.0
27342,116.7775,-99.9950,2.1350,153.7548,429.56,-188.73,1662.98,1727.90,1662.98,5795.92,3.6562,1467.39,3864.06,15.8438,3234.23,1,90.0
27442,261.4850,-40.9150,-76.3875,275.4696,230.09,-33.43,767.01,801.48,767.01,67772.07,3.6562,1467.39,3864.06,15.8438,3234.23,1,90.0
27542,325.0625,-72.3100,-71.6275,340.6242,390.28,-148.23,-13.30,417.69,-13.30,46911.23,3.6562,1467.39,3864.06,15.8438,3234.23,1,90.0
27642,-229.2325,133.2625,62.1950,272.3502,451.28,-167.75,-1100.44,1201.15,-1100.44,32602.15,3.6562,1467.39,3864.06,15.8438,3234.23,1,90.0
27742,-292.5650,-25.9175,59.4650,299.6700,-85.77,-6.59,405.28,414.31,405.28,60547.74,3.6562,1467.39,3864.06,15.8438,3234.23,1,90.0
27842,-136.3950,121.4675,97.2300,206.9097,447.01,-25.01,2326.17,2368.87,2326.17,54440.21,3.6562,1467.39,3864.06,15.8438,3234.23,1,90.0
27942,275.8875,-113.1375,-70.8925,306.4959,571.94,-69.54,2699.86,2760.65,2699.86,100344.52,3.6562,1467.39,3864.06,15.8438,3234.23,1,90.0
28042,315.9100,80.5000,-43.1550,328.8491,322.20,52.22,533.14,625.12,533.14,11532.25,3.6562,1467.39,3864.06,15.8438,3234.23,1,90.0
28142,-45.0100,217.6125,86.4850,238.4549,484.10,-222.89,-1057.98,1184.64,-1057.98,34214.14,3.6562,1467.39,3864.06,15.8438,3234.23,1,90.0
28242,-284.7775,343.6300,109.4975,459.5318,223.50,-124.81,-399.43,474.42,-399.43,25577.54,3.6562,840.28,3392.60,1.2188,4971.20,1,90.9
28342,-267.4175,158.2350,52.5175,315.1325,-144.45,22.57,596.95,614.59,596.95,76201.73,3.6562,840.28,3392.60,1.2188,4971.20,1,90.9
28442,64.7850,-111.6150,-28.9975,132.2719,83.45,-56.73,1949.07,1951.68,1949.07,16671.39,3.6562,840.28,3392.60,1.2188,4971.20,1,90.9
28542,272.1600,-210.4725,-65.2750,350.1865,432.73,-20.50,765.31,879.42,765.31,49470.31,3.6562,840.28,3392.60,1.2188,4971.20,1,90.9
28642,113.3825,22.4350,-48.3525,125.2872,49.29,-126.39,-867.18,877.72,-867.18,8165.90,3.6562,840.28,3392.60,1.2188,4971.20,1,90.9
28742,-391.3350,177.0125,131.0050,449.0421,-273.40,4.64,-655.51,710.25,-655.51,60535.74,3.6562,840.28,3392.60,1.2188,4971.20,1,90.9
28842,-161.8050,-29.7150,66.1850,177.3254,212.16,-192.52,890.36,935.31,890.36,48569.81,3.6562,840.28,3392.60,1.2188,4971.20,1,90.9
28942,225.9425,-129.9550,-41.8950,263.9953,964.29,-59.05,2005.92,2226.45,2005.92,21212.38,3.6562,840.28,3392.60,1.2188,4971.20,1,90.9
29042,188.9125,-73.4650,-84.5600,219.6257,-141.64,-29.28,-435.66,459.04,-435.66,27571.07,3.6562,840.28,3392.60,1.2188,4971.20,1,90.9
29142,-208.8275,83.7900,71.5225,236.1041,-111.14,-48.31,-673.68,684.50,-673.68,40533.16,3.6562,840.28,3392.60,1.2188,4971.20,1,90.9
29242,-154.9975,151.2000,90.8600,234.8216,410.41,-155.06,751.15,869.89,751.15,42835.85,3.6562,840.28,3392.60,1.2188,4971.20,1,90.9
29342,195.0900,-128.2925,-48.0375,238.3835,979.66,-24.52,2172.70,2383.47,2172.70,70756.81,3.6562,840.28,3392.60,1.2188,4971.20,1,90.9
29442,257.9325,-115.6050,-71.6275,291.5891,51.00,1.71,-138.59,147.69,-138.59,19198.27,3.6562,840.28,3392.60,1.2188,4971.20,1,90.9
29542,-89.7575,34.1250,14.4200,97.1023,-217.04,-30.13,-310.00,379.62,-310.00,5564.73,3.6562,840.28,3392.60,1.2188,4971.20,1,90.9
29642,-143.5875,221.2525,-14.6125,264.1658,63.68,-54.05,956.36,960.00,956.36,26320.99,3.6562,840.28,3392.60,1.2188,4971.20,1,90.9
29742,340.6725,-318.8325,-17.9900,466.9428,1294.79,117.24,1899.91,2302.14,1899.91,167030.17,3.6562,840.28,3392.60,1.2188,4971.20,1,90.9
29842,49.2100,63.2975,-2.8525,80.2268,-252.66,-43.68,-571.94,626.78,-571.94,10280.44,3.6562,840.28,3392.60,1.2188,4971.20,1,90.9
29942,-226.8000,89.6350,21.9275,244.8540,23.67,-233.87,70.15,245.31,70.15,26792.76,3.6562,840.28,3392.60,1.2188,4971.20,1,90.9
30042,-9.6600,37.4150,5.1800,38.9876,427.49,-211.55,1368.72,1449.44,1368.72,7653.82,3.6562,840.28,3392.60,1.2188,4971.20,1,90.9
30142,161.9800,-118.6500,-67.6550,211.8786,248.15,-70.64,241.68,353.52,241.68,17262.66,3.6562,840.28,3392.60,1.2188,4971.20,1,90.9
30242,-81.7950,183.4000,65.7300,211.2970,30.99,-80.89,-663.31,668.95,-663.31,1985.83,3.6562,840.28,3392.60,1.2188,4971.20,1,90.9
30342,-259.8750,371.2275,48.6675,455.7559,339.89,-209.72,1070.18,1142.28,1070.18,40562.21,3.6562,840.28,3392.60,1.2188,4971.20,1,90.9
30442,264.2675,-287.2625,-73.5000,397.1893,295.00,-192.27,1125.94,1179.71,1125.94,94885.30,3.6562,840.28,3392.60,1.2188,4971.20,1,90.9
30542,39.9525,-171.4300,-88.8650,197.1838,-221.92,-11.71,-504.59,551.36,-504.59,12673.39,3.6562,840.28,3392.60,1.2188,4971.20,1,90.9
30642,-243.6875,126.5950,56.6650,280.3940,-164.21,-187.88,-21.96,250.49,-21.96,32835.97,3.6562,840.28,3392.60,1.2188,4971.20,1,90.9
30742,-26.9500,70.7525,90.1250,117.7061,477.14,-259.86,1511.82,1606.49,1511.82,30112.79,3.6562,840.28,3392.60,1.2188,4971.20,1,90.9
30842,185.4650,-115.1150,-85.5750,234.4607,-103.46,-124.68,612.20,633.27,612.20,42347.82,4.0625,1763.17,6114.59,15.4375,3413.24,1,91.7
30942,-106.3300,-68.8450,-19.3200,128.1365,-52.22,-144.20,-357.22,388.75,-357.22,13759.36,4.0625,1763.17,6114.59,15.4375,3413.24,1,91.7
31042,-43.5050,73.8500,48.0375,98.2553,35.26,-216.31,1374.82,1392.18,1374.82,26439.78,4.0625,1763.17,6114.59,15.4375,3413.24,1,91.7
31142,241.1325,-255.1675,-91.5425,362.8159,317.57,-154.70,127.37,375.50,127.37,1285.87,4.0625,1763.17,6114.59,15.4375,3413.24,1,91.7
31242,-142.4850,130.4100,40.7925,197.4152,-89.55,107.60,-662.09,676.73,-662.09,9762.37,4.0625,1763.17,6114.59,15.4375,3413.24,1,91.7
31342,-211.5050,217.4900,97.1775,318.5588,261.93,-184.10,961.24,1013.15,961.24,37697.58,4.0625,1763.17,6114.59,15.4375,3413.24,1,91.7
31442,278.6700,-230.9300,-114.3450,379.5529,712.85,-302.80,1465.10,1657.21,1465.10,103931.45,4.0625,1763.17,6114.59,15.4375,3413.24,1,91.7
31542,110.5475,-3.8850,-34.7200,115.9367,-214.48,58.80,-659.65,696.13,-659.65,2684.87,4.0625,1763.17,6114.59,15.4375,3413.24,1,91.7
31642,-401.6950,262.1325,125.1950,495.7278,-51.36,-150.18,143.47,213.96,143.47,68400.73,4.0625,1763.17,6114.59,15.4375,3413.24,1,91.7
31742,220.4825,-114.1175,-80.3600,260.9465,564.13,-288.41,1643.71,1761.59,1643.71,30199.46,4.0625,1763.17,6114.59,15.4375,3413.24,1,91.7
31842,23.9750,11.6025,30.6250,40.5871,-289.51,81.74,-535.09,613.86,-535.09,11360.83,4.0625,1763.17,6114.59,15.4375,3413.24,1,91.7
31942,-320.2500,145.1975,64.9425,357.5750,309.15,-227.04,895.36,974.06,895.36,69206.46,4.0625,1763.17,6114.59,15.4375,3413.24,1,91.7
32042,260.4875,-231.0175,-101.5175,362.6688,845.58,-201.91,1426.55,1670.57,1426.55,90866.91,4.0625,1763.17,6114.59,15.4375,3413.24,1,91.7
32142,98.1925,-102.9350,-46.1825,149.5667,-68.69,31.35,-539.97,545.23,-539.97,10276.13,4.0625,1763.17,6114.59,15.4375,3413.24,1,91.7
32242,-299.4950,232.4700,159.6875,411.3875,-90.04,-166.04,-42.82,193.68,-42.82,43176.34,4.0625,1763.17,6114.59,15.4375,3413.24,1,91.7
32342,97.8775,-15.6275,-37.0475,105.8147,812.64,-295.97,2168.79,2334.88,2168.79,34986.89,4.0625,1763.17,6114.59,15.4375,3413.24,1,91.7
32442,227.5175,-186.4450,-84.0000,305.9117,-198.86,47.34,-280.48,347.06,-280.48,11233.70,4.0625,1763.17,6114.59,15.4375,3413.24,1,91.7
32542,-217.8750,227.0800,59.2200,320.2216,-173.61,-96.26,-160.80,255.46,-160.80,2856.35,4.0625,1763.17,6114.59,15.4375,3413.24,1,91.7
32642,264.6700,-381.9375,-42.1400,466.5857,472.26,-294.87,2175.75,2245.85,2175.75,24955.84,4.0625,1763.17,6114.59,15.4375,3413.24,1,91.7
32742,49.1750,50.6975,15.6100,72.3332,-108.58,241.68,-994.06,1028.76,-994.06,10068.99,4.0625,1763.17,6114.59,15.4375,3413.24,1,91.7
32842,-263.2175,292.0050,163.3275,425.7068,-24.77,-259.86,202.03,330.09,202.03,49971.73,4.0625,1763.17,6114.59,15.4375,3413.24,1,91.7
32942,170.1875,-68.0225,-112.5775,215.0919,693.69,-335.26,1772.17,1932.41,1772.17,77763.86,4.0625,1763.17,6114.59,15.4375,3413.24,1,91.7
33042,50.6625,-3.4300,19.5475,54.4110,-424.44,138.71,-680.39,813.83,-680.39,17988.32,4.0625,1763.17,6114.59,15.4375,3413.24,1,91.7
33142,-324.7650,286.8250,137.9350,454.7164,107.85,-104.31,401.01,428.16,401.01,77724.01,4.0625,1763.17,6114.59,15.4375,3413.24,1,91.7
33242,180.9325,-129.6750,-105.0875,246.1616,752.86,-418.46,1825.85,2018.82,1825.85,82184.09,4.0625,1763.17,6114.59,15.4375,3413.24,1,91.7
33342,97.6325,-94.9375,-35.0525,140.6197,-248.03,53.31,-77.59,265.29,-77.59,5833.90,4.0625,971.12,4688.64,14.2188,4748.45,1,92.3
33442,-160.6850,-170.4850,-14.4200,234.7184,185.07,-383.57,258.52,498.21,258.52,5043.24,4.0625,971.12,4688.64,14.2188,4748.45,1,92.3
33542,-103.2675,-54.8275,79.5025,141.3891,-0.24,-249.86,179.22,307.49,179.22,8442.00,4.0625,971.12,4688.64,14.2188,4748.45,1,92.3
33642,-34.8425,-90.9825,-45.9725,107.7278,240.83,-468.36,230.21,574.77,230.21,4296.23,4.0625,971.12,4688.64,14.2188,4748.45,1,92.3
33742,-5.1625,23.9925,-41.4225,48.1468,272.91,-355.39,362.95,576.64,362.95,4577.09,4.0625,971.12,4688.64,14.2188,4748.45,1,92.3
33842,-77.4725,80.2550,13.7550,112.3924,172.14,-354.78,573.16,695.71,573.16,4051.32,4.0625,971.12,4688.64,14.2188,4748.45,1,92.3
33942,359.6075,108.9375,42.3850,378.1288,-47.46,-60.51,-498.37,504.27,-498.37,23336.81,4.0625,971.12,4688.64,14.2188,4748.45,1,92.3
34042,-414.6450,-183.6275,-121.5375,469.4900,33.18,83.69,368.93,379.75,368.93,78648.99,4.0625,971.12,4688.64,14.2188,4748.45,1,92.3
34142,267.1025,69.9300,39.0950,278.8591,-185.56,47.95,2443.90,2451.41,2443.90,46817.36,4.0625,971.12,4688.64,14.2188,4748.45,1,92.3
34242,304.5875,80.8675,10.6750,315.3206,-27.94,-169.70,-685.27,706.53,-685.27,56014.28,4.0625,971.12,4688.64,14.2188,4748.45,1,92.3
34342,-257.9850,-143.1325,-5.4250,295.0807,565.47,-481.29,-1774.73,1923.82,-1774.73,122797.37,4.0625,971.12,4688.64,14.2188,4748.45,1,92.3
34442,-246.1375,45.5000,-44.1700,254.1750,284.26,125.05,1539.15,1570.17,1539.15,57284.34,4.0625,971.12,4688.64,14.2188,4748.45,1,92.3
34542,242.9700,79.9925,-7.0350,255.8959,-387.35,67.10,2927.02,2953.31,2927.02,72346.88,4.0625,971.12,4688.64,14.2188,4748.45,1,92.3
34642,362.5125,0.3675,47.6350,365.6290,-28.55,150.55,-206.91,257.47,-206.91,114270.20,4.0625,971.12,4688.64,14.2188,4748.45,1,92.3
34742,116.8300,17.0625,57.3125,131.2444,664.05,-566.32,-1070.67,1381.31,-1070.67,101093.77,4.0625,971.12,4688.64,14.2188,4748.45,1,92.3
34842,-74.4450,-31.0625,-6.9825,80.9672,1203.16,-1028.09,-3511.40,3851.56,-3511.40,67553.30,4.0625,971.12,4688.64,14.2188,4748.45,1,92.3
34942,-393.5400,41.3700,-62.9125,400.6784,724.56,-377.71,-570.23,996.40,-570.23,39665.28,4.0625,971.12,4688.64,14.2188,4748.45,1,92.3
35042,-285.8275,-51.5550,-60.1300,296.5989,438.10,-62.34,773.97,891.54,773.97,65841.39,4.0625,971.12,4688.64,14.2188,4748.45,1,92.3
35142,-108.8675,43.5225,-30.6600,121.1874,-129.56,60.51,1543.30,1549.91,1543.30,56086.88,4.0625,971.12,4688.64,14.2188,4748.45,1,92.3
35242,19.4425,12.5650,-10.1850,25.2908,-327.94,-103.94,2146.59,2173.98,2146.59,15199.54,4.0625,971.12,4688.64,14.2188,4748.45,1,92.3
35342,137.5325,70.4550,33.4075,158.0986,-204.84,-104.68,2007.88,2021.01,2007.88,70043.81,4.0625,971.12,4688.64,14.2188,4748.45,1,92.3
35442,212.5025,-72.5900,81.5675,238.9140,21.11,-41.11,511.42,513.51,511.42,10514.96,4.0625,971.12,4688.64,14.2188,4748.45,1,92.3
35542,101.4125,1.4875,21.9800,103.7778,629.64,-239.00,-580.11,888.87,-580.11,81058.54,4.0625,971.12,4688.64,14.2188,4748.45,1,92.3
35642,-31.6050,8.5750,-52.9550,62.2627,1023.82,-825.09,-2285.55,2636.80,-2285.55,68245.84,4.0625,971.12,4688.64,14.2188,4748.45,1,92.3
35742,-167.6325,-46.3050,-39.5675,178.3547,881.69,-371.12,-1287.83,1604.25,-1287.83,112477.06,4.0625,971.12,4688.64,14.2188,4748.45,1,92.3
35842,-255.2900,79.5900,-56.4900,273.3106,329.40,15.74,192.64,381.92,192.64,71360.62,4.0625,971.12,4688.64,14.2188,4748.45,1,92.3
35942,-305.6375,-38.1325,-39.4625,310.5248,59.78,99.92,897.80,905.32,897.80,86915.34,4.4688,1982.84,7165.90,0.4062,4964.52,1,92.9
36042,-8.4000,-0.5250,19.2675,21.0255,-84.42,-158.23,1939.07,1947.34,1939.07,4353.10,4.4688,1982.84,7165.90,0.4062,4964.52,1,92.9
36142,90.9825,-27.7900,9.1700,95.5730,113.46,-237.17,1611.25,1632.56,1611.25,54465.98,4.4688,1982.84,7165.90,0.4062,4964.52,1,92.9
36242,216.1075,18.6725,84.9450,232.9523,-197.52,20.62,902.43,924.03,902.43,57259.89,4.4688,1982.84,7165.90,0.4062,4964.52,1,92.9
36342,303.0650,44.5725,57.8200,311.7343,713.09,-297.92,-657.34,1014.57,-657.34,137972.86,4.4688,1982.84,7165.90,0.4062,4964.52,1,92.9
36442,-26.9850,-104.0725,-1.5050,107.5246,549.98,-703.33,-1879.29,2080.59,-1879.29,39470.79,4.4688,1982.84,7165.90,0.4062,4964.52,1,92.9
36542,-291.8125,-129.5700,-81.7950,329.5957,266.45,-20.50,-693.45,743.16,-693.45,1907.42,4.4688,1982.84,7165.90,0.4062,4964.52,1,92.9
36642,-350.4725,-71.0325,-71.6100,364.6979,40.02,98.09,383.57,397.93,383.57,112802.90,4.4688,1982.84,7165.90,0.4062,4964.52,1,92.9
36742,-149.3275,31.3075,20.8775,153.9959,-288.29,-3.05,1707.88,1732.04,1707.88,56954.55,4.4688,1982.84,7165.90,0.4062,4964.52,1,92.9
36842,63.8575,-131.6525,23.7475,148.2366,-199.23,-166.65,2403.28,2417.27,2403.28,44654.09,4.4688,1982.84,7165.90,0.4062,4964.52,1,92.9
36942,261.3450,-18.6025,67.4275,270.5434,-279.38,72.10,1280.76,1312.85,1280.76,99773.45,4.4688,1982.84,7165.90,0.4062,4964.52,1,92.9
37042,363.2825,-55.8600,77.4200,375.6173,385.28,-44.41,-429.20,578.46,-429.20,157234.20,4.4688,1982.84,7165.90,0.4062,4964.52,1,92.9
37142,-47.1625,-10.0275,-28.8575,56.1926,568.03,-778.48,-1857.57,2092.67,-1857.57,55339.31,4.4688,1982.84,7165.90,0.4062,4964.52,1,92.9
37242,-174.8775,4.7250,-73.6225,189.8018,506.79,-459.33,-1068.72,1268.85,-1068.72,78431.49,4.4688,1982.84,7165.90,0.4062,4964.52,1,92.9
37342,-268.1175,-19.2500,-96.2150,285.5081,189.10,57.58,370.76,420.16,370.76,77073.60,4.4688,1982.84,7165.90,0.4062,4964.52,1,92.9
37442,0.1925,89.4075,-33.2500,95.3903,-143.59,-64.29,1794.50,1801.38,1794.50,54506.73,4.4688,1982.84,7165.90,0.4062,4964.52,1,92.9
37542,230.1600,-86.7650,71.1725,256.0612,-93.57,-59.78,901.95,908.76,901.95,55423.87,4.4688,1982.84,7165.90,0.4062,4964.52,1,92.9
37642,208.4250,-83.3175,52.0975,230.4277,722.97,-307.81,-1254.40,1480.19,-1254.40,75793.79,4.4688,1982.84,7165.90,0.4062,4964.52,1,92.9
37742,-213.8850,9.7825,-22.2775,215.2644,697.84,-449.33,-1904.54,2077.54,-1904.54,120220.41,4.4688,1982.84,7165.90,0.4062,4964.52,1,92.9
37842,-190.4700,160.3875,-56.6475,255.3662,-98.82,58.32,1586.12,1590.27,1586.12,58170.83,4.4688,1982.84,7165.90,0.4062,4964.52,1,92.9
37942,198.9225,50.3650,16.3450,205.8493,393.33,-250.83,2359.97,2405.63,2359.97,96414.62,4.4688,1982.84,7165.90,0.4062,4964.52,1,92.9
38042,293.5275,-50.5400,-18.1300,298.3980,594.26,-294.87,-873.40,1096.78,-873.40,58463.94,4.4688,1982.84,7165.90,0.4062,4964.52,1,92.9
38142,-374.0100,-46.2700,-102.3925,390.5235,53.44,444.81,1134.23,1219.51,1134.23,32940.92,4.4688,1982.84,7165.90,0.4062,4964.52,1,92.9
38242,432.9500,-155.6975,163.0650,488.1369,41.48,539.85,1041.51,1173.84,1041.51,69412.80,4.4688,1982.84,7165.90,0.4062,4964.52,1,92.9
38342,11.7250,-5.4950,34.5975,36.9413,619.15,-910.49,-2542.11,2770.32,-2542.11,32186.01,4.4688,1982.84,7165.90,0.4062,4964.52,1,92.9
38444,-316.0500,81.6900,-85.2950,337.3960,93.09,200.08,245.71,330.26,245.71,102628.18,5.6875,835.00,3153.41,17.8750,3142.60,1,93.3
38542,156.0475,-79.3975,30.1525,177.6625,-181.17,-38.31,2335.45,2342.78,2335.45,56570.57,5.6875,835.00,3153.41,17.8750,3142.60,1,93.3
38642,339.6925,73.3075,84.3325,357.5989,324.28,77.47,448.11,558.53,448.11,25255.60,5.6875,835.00,3153.41,17.8750,3142.60,1,93.3
38742,-30.8700,-58.1700,30.9050,72.7449,940.38,-1028.58,-2533.82,2891.80,-2533.82,23178.42,5.6875,835.00,3153.41,17.8750,3142.60,1,93.3
38842,-276.2725,-14.1050,-145.3200,312.4794,392.96,222.89,656.97,797.31,656.97,63837.43,5.6875,835.00,3153.41,17.8750,3142.60,1,93.3
38942,-134.9950,176.7150,33.0400,224.8188,-123.95,35.99,2307.39,2310.99,2307.39,14187.87,5.6875,835.00,3153.41,17.8750,3142.60,1,93.3
39042,153.8425,-103.5475,16.3800,186.1663,77.59,93.09,1362.98,1368.36,1362.98,60800.46,5.6875,835.00,3153.41,17.8750,3142.60,1,93.3
39142,308.1575,-21.6125,113.2250,329.0107,268.16,-97.72,-424.44,511.47,-424.44,120283.89,5.6875,835.00,3153.41,17.8750,3142.60,1,93.3
39242,-64.9600,41.0200,-20.1950,79.4373,1102.64,-967.83,-2049.97,2520.88,-2049.97,64179.50,5.6875,835.00,3153.41,17.8750,3142.60,1,93.3
39342,-255.3775,23.4150,-65.0650,264.5740,95.77,-15.98,105.41,143.31,105.41,77046.94,5.6875,835.00,3153.41,17.8750,3142.60,1,93.3
39442,16.7475,-166.3375,24.1500,168.9138,158.84,-252.30,1504.75,1534.00,1504.75,11248.93,5.6875,835.00,3153.41,17.8750,3142.60,1,93.3
39542,236.4600,-17.4475,49.8225,242.2809,78.93,-23.18,258.03,270.83,258.03,19670.97,5.6875,835.00,3153.41,17.8750,3142.60,1,93.3
39642,-41.2825,-86.5200,-7.7525,96.1772,1061.77,-1014.92,-2249.80,2686.82,-2249.80,43879.45,5.6875,835.00,3153.41,17.8750,3142.60,1,93.3
39742,-396.1125,55.6850,-114.5550,416.0875,156.28,253.03,854.61,904.88,854.61,87487.52,5.6875,835.00,3153.41,17.8750,3142.60,1,93.3
39842,48.4400,-196.6650,61.3375,211.6267,-279.38,-92.48,2709.62,2725.55,2709.62,53140.85,5.6875,835.00,3153.41,17.8750,3142.60,1,93.3
39942,211.1375,10.3775,84.8750,227.7949,480.31,8.42,736.03,878.92,736.03,23219.88,5.6875,835.00,3153.41,17.8750,3142.60,1,93.3
40042,183.9425,-12.3900,20.6675,185.5141,595.85,-376.98,-836.19,1093.78,-836.19,97978.84,5.6875,835.00,3153.41,17.8750,3142.60,1,93.3
40142,-50.1200,104.3700,-51.9925,126.9186,866.69,-808.86,-1967.37,2296.94,-1967.37,77967.86,5.6875,835.00,3153.41,17.8750,3142.60,1,93.3
40242,-345.6250,-132.5100,-78.8725,378.4659,109.43,150.30,231.43,296.86,231.43,100803.38,5.6875,835.00,3153.41,17.8750,3142.60,1,93.3
40342,71.5225,64.9775,33.3725,102.2314,34.40,-97.23,1912.84,1915.62,1912.84,7743.97,5.6875,835.00,3153.41,17.8750,3142.60,1,93.3
40442,240.3100,41.8775,-23.4850,245.0595,256.69,0.73,746.15,789.07,746.15,52385.51,5.6875,835.00,3153.41,17.8750,3142.60,1,93.3
40542,223.4225,-85.5400,23.1000,240.3504,516.06,-233.87,179.83,594.44,179.83,80271.70,5.6875,835.00,3153.41,17.8750,3142.60,1,93.3
40642,11.2875,163.6250,16.6600,164.8578,380.15,-395.40,-1566.85,1660.08,-1566.85,27338.79,5.6875,835.00,3153.41,17.8750,3142.60,1,93.3
40742,-110.9325,30.3625,-53.8650,127.0013,718.46,-477.14,-1044.44,1354.51,-1044.44,87041.27,5.6875,835.00,3153.41,17.8750,3142.60,1,93.3
40842,-210.2100,128.1000,-81.3925,259.2732,211.67,-46.12,431.27,482.62,431.27,66085.48,5.6875,835.00,3153.41,17.8750,3142.60,1,93.3
40942,-26.7750,-35.5950,-17.5700,47.8812,-289.14,-88.82,1153.63,1192.63,1153.63,14860.83,5.6875,835.00,3153.41,17.8750,3142.60,1,93.3
41042,51.1350,-259.4025,-0.6650,264.3953,458.35,-289.38,1055.54,1186.59,1055.54,32408.74,4.8750,481.76,1839.94,16.2500,3160.43,1,93.8
41142,198.7825,-5.2675,-14.0000,199.3445,610.61,-203.50,603.90,882.58,603.90,13291.38,4.8750,481.76,1839.94,16.2500,3160.43,1,93.8
41242,153.1075,46.1825,-0.0700,159.9210,700.52,-414.31,-646.84,1039.61,-646.84,43896.36,4.8750,481.76,1839.94,16.2500,3160.43,1,93.8
41342,-149.3100,137.7775,-0.3500,203.1655,615.49,-301.83,-623.42,926.60,-623.42,45962.69,4.8750,481.76,1839.94,16.2500,3160.43,1,93.8
41442,38.3075,-119.4725,-31.5525,129.3704,-198.98,-67.10,1278.68,1295.81,1278.68,20637.65,4.8750,481.76,1839.94,16.2500,3160.43,1,93.8
41542,137.2525,63.1225,210.1050,258.7795,80.76,-115.17,104.19,175.05,104.19,21258.46,4.8750,481.76,1839.94,16.2500,3160.43,1,93.8
41642,-63.6300,-248.2725,68.4250,265.2734,1173.52,-785.68,-660.63,1559.12,-660.63,39617.75,4.8750,481.76,1839.94,16.2500,3160.43,1,93.8
41742,-151.0425,137.4800,-29.0500,206.2971,1463.27,-494.71,603.53,1658.36,603.53,20256.62,4.8750,481.76,1839.94,16.2500,3160.43,1,93.8
41842,-14.7525,256.3400,-50.1025,261.6068,1253.43,-280.60,1565.26,2024.81,1565.26,13044.40,4.8750,481.76,1839.94,16.2500,3160.43,1,93.8
41942,144.9000,151.4625,-127.7850,245.4911,1435.57,-405.53,690.76,1643.92,690.76,61891.37,4.8750,481.76,1839.94,16.2500,3160.43,1,93.8
42042,102.5325,361.7600,-200.1300,425.9521,560.10,-109.07,198.01,604.00,198.01,40254.23,4.8750,481.76,1839.94,16.2500,3160.43,1,93.8
42142,52.0450,-13.4925,-124.6875,135.7855,-563.76,-83.33,174.70,596.06,174.70,23664.00,4.8750,481.76,1839.94,16.2500,3160.43,1,93.8
42242,-30.2750,-270.3400,-46.0950,275.9077,-879.25,0.12,354.41,947.99,354.41,4426.74,4.8750,481.76,1839.94,16.2500,3160.43,1,93.8
42342,-69.3525,-474.3375,53.1650,482.3198,-948.55,-14.64,502.40,1073.48,502.40,35507.12,4.8750,481.76,1839.94,16.2500,3160.43,1,93.8
42442,-44.3275,-378.2450,121.7125,399.8101,-492.51,106.38,16.23,504.13,16.23,12900.33,4.8750,481.76,1839.94,16.2500,3160.43,1,93.8
42542,-47.7400,-292.9500,102.5150,314.0193,96.50,-96.87,168.24,216.79,168.24,82755.44,4.8750,481.76,1839.94,16.2500,3160.43,1,93.8
42642,-55.8075,-283.7625,132.0900,317.9362,176.29,-253.76,-236.07,388.85,-236.07,90386.23,4.8750,481.76,1839.94,16.2500,3160.43,1,93.8
42742,-58.2050,-184.8350,109.3575,222.5104,0.00,-174.70,-241.93,298.41,-241.93,59201.38,4.8750,481.76,1839.94,16.2500,3160.43,1,93.8
42842,-76.0025,-146.0375,91.7875,188.4895,520.45,-375.64,-179.10,666.37,-179.10,43958.24,4.8750,481.76,1839.94,16.2500,3160.43,1,93.8
42942,6.5450,39.8300,28.5950,49.4666,1424.84,-490.93,635.99,1635.74,635.99,6094.07,4.8750,481.76,1839.94,16.2500,3160.43,1,93.8
43042,65.9400,285.9675,-80.9200,304.4233,1281.00,-339.28,305.85,1360.01,305.85,31727.21,4.8750,481.76,1839.94,16.2500,3160.43,1,93.8
43142,-0.2275,59.2725,-20.8775,62.8423,335.99,-258.76,341.60,544.55,341.60,203.82,4.8750,481.76,1839.94,16.2500,3160.43,1,93.8
43242,49.9275,247.0475,-55.0200,257.9776,356.48,-104.68,245.10,445.10,245.10,2912.05,4.8750,481.76,1839.94,16.2500,3160.43,1,93.8
43342,56.0350,61.8450,-61.6525,103.7582,152.74,-39.53,498.74,523.10,498.74,2239.86,4.8750,481.76,1839.94,16.2500,3160.43,1,93.8
43442,3.9725,17.5525,-39.9875,43.8506,137.74,-92.23,636.72,657.94,636.72,4005.18,4.8750,481.76,1839.94,16.2500,3160.43,1,93.8
43542,17.2550,-10.7625,-15.2600,25.4251,150.79,-106.26,435.42,472.88,435.42,5673.71,4.8750,481.76,1839.94,16.2500,3160.43,1,93.8
43642,-12.6350,207.4275,63.3325,217.2483,23.67,-188.25,258.40,320.57,258.40,18060.68,3.6562,1691.56,4962.51,0.4062,6242.57,1,94.1
43742,55.7550,-162.3300,-230.3700,287.2803,-6.83,85.52,402.36,411.40,402.36,863.69,3.6562,1691.56,4962.51,0.4062,6242.57,1,94.1
43842,50.6625,-112.3850,-280.8400,306.7054,74.18,33.18,451.28,458.54,451.28,2416.61,3.6562,1691.56,4962.51,0.4062,6242.57,1,94.1
43942,0.8050,-0.2800,-16.4325,16.4546,-31.35,56.24,493.00,497.19,493.00,103.91,3.6562,1691.56,4962.51,0.4062,6242.57,1,94.1
44042,-50.5575,-60.3925,-76.7375,109.9634,27.57,-136.40,477.26,497.14,477.26,508.15,3.6562,1691.56,4962.51,0.4062,6242.57,1,94.1
44142,-5.8450,-5.8800,-0.3500,8.2982,-32.21,21.84,497.03,498.55,497.03,462.35,3.6562,1691.56,4962.51,0.4062,6242.57,1,94.1
44242,0.9100,-0.2275,0.0875,0.9421,-33.67,23.30,495.32,497.01,495.32,115.01,3.6562,1691.56,4962.51,0.4062,6242.57,1,94.1
44342,0.4725,-0.7000,0.1050,0.8510,-33.18,22.81,495.56,497.20,495.56,107.74,3.6562,1691.56,4962.51,0.4062,6242.57,1,94.1
44442,0.4550,-0.6475,0.1225,0.8008,-33.18,22.94,495.32,496.96,495.32,19.96,3.6562,1691.56,4962.51,0.4062,6242.57,1,94.1
44542,0.4725,-0.6300,0.0700,0.7906,-33.79,23.30,495.20,496.90,495.20,54.83,3.6562,1691.56,4962.51,0.4062,6242.57,1,94.1
44642,0.4550,-0.6300,0.0700,0.7803,-34.04,22.69,495.69,497.37,495.69,25.47,3.6562,1691.56,4962.51,0.4062,6242.57,1,94.1
44742,0.4725,-0.6125,0.0700,0.7767,-32.94,23.30,495.56,497.20,495.56,3.20,3.6562,1691.56,4962.51,0.4062,6242.57,1,94.1
44842,0.4900,-0.6650,0.0700,0.8290,-33.18,22.94,495.69,497.32,495.69,48.58,3.6562,1691.56,4962.51,0.4062,6242.57,1,94.1
44942,0.4200,-0.6475,0.0875,0.7767,-32.94,23.55,495.56,497.22,495.56,1.79,3.6562,1691.56,4962.51,0.4062,6242.57,1,94.1
45042,0.4375,-0.6125,0.1050,0.7600,-34.40,23.06,494.71,496.44,494.71,130.69,3.6562,1691.56,4962.51,0.4062,6242.57,1,94.1
45142,0.4900,-0.5950,0.0875,0.7757,-33.79,22.69,494.83,496.50,494.83,146.51,3.6562,1691.56,4962.51,0.4062,6242.57,1,94.1
45242,0.4550,-0.6300,0.0700,0.7803,-33.55,22.57,496.17,497.82,496.17,73.21,3.6562,1691.56,4962.51,0.4062,6242.57,1,94.1
45342,0.4375,-0.6475,0.1050,0.7885,-33.55,22.81,495.56,497.22,495.56,1.11,3.6562,1691.56,4962.51,0.4062,6242.57,1,94.1
45442,0.4725,-0.6650,0.0875,0.8204,-32.82,22.94,493.98,495.60,493.98,63.10,3.6562,1691.56,4962.51,0.4062,6242.57,1,94.1
45542,0.3850,-0.6125,0.0700,0.7268,-34.53,23.30,496.17,497.92,496.17,184.12,3.6562,1691.56,4962.51,0.4062,6242.57,1,94.1
45642,0.4550,-0.6125,0.0875,0.7680,-33.18,24.16,496.05,497.75,496.05,1.24,3.6562,1691.56,4962.51,0.4062,6242.57,1,94.1
45742,0.4375,-0.5950,0.1225,0.7486,-33.55,22.94,495.32,496.98,495.32,237.60,3.6562,1691.56,4962.51,0.4062,6242.57,1,94.1
45842,0.4375,-0.6650,0.1225,0.8054,-33.79,23.67,496.05,497.76,496.05,19.71,3.6562,1691.56,4962.51,0.4062,6242.57,1,94.1
45942,0.4200,-0.6475,0.1050,0.7789,-31.84,22.57,496.54,498.07,496.54,92.54,3.6562,1691.56,4962.51,0.4062,6242.57,1,94.1
46042,0.4550,-0.6825,0.0875,0.8249,-32.57,22.33,495.81,497.38,495.81,51.07,3.6562,1691.56,4962.51,0.4062,6242.57,1,94.1
46142,0.4725,-0.6300,0.1225,0.7970,-32.94,22.57,495.93,497.53,495.93,73.52,3.6562,347.29,1645.84,0.4062,2620.08,1,94.4
46242,0.4550,-0.6475,0.0875,0.7962,-32.57,24.28,495.56,497.23,495.56,90.19,3.6562,347.29,1645.84,0.4062,2620.08,1,94.4
46342,0.4375,-0.6125,0.0875,0.7578,-34.40,23.91,495.81,497.58,495.81,38.24,3.6562,347.29,1645.84,0.4062,2620.08,1,94.4
46442,0.4025,-0.6300,0.0875,0.7527,-34.04,23.06,496.30,498.00,496.30,0.45,3.6562,347.29,1645.84,0.4062,2620.08,1,94.4
46542,0.4550,-0.6300,0.0525,0.7789,-34.65,24.28,496.42,498.22,496.42,12.14,3.6562,347.29,1645.84,0.4062,2620.08,1,94.4
46642,0.4200,-0.7000,0.0700,0.8193,-33.18,23.55,496.30,497.96,496.30,74.11,3.6562,347.29,1645.84,0.4062,2620.08,1,94.4
46742,0.4200,-0.6825,0.0875,0.8061,-32.45,23.30,495.93,497.54,495.93,71.10,3.6562,347.29,1645.84,0.4062,2620.08,1,94.4
46842,0.4200,-0.6650,0.0875,0.7914,-33.55,23.67,496.17,497.87,496.17,4.30,3.6562,347.29,1645.84,0.4062,2620.08,1,94.4
46942,0.4550,-0.6475,0.0875,0.7962,-33.06,23.30,496.17,497.82,496.17,3.22,3.6562,347.29,1645.84,0.4062,2620.08,1,94.4
47042,0.4375,-0.6300,0.0700,0.7702,-33.92,23.30,495.44,497.15,495.44,13.16,3.6562,347.29,1645.84,0.4062,2620.08,1,94.4
47142,0.4550,-0.6650,0.0875,0.8105,-35.14,22.69,496.54,498.30,496.54,99.35,3.6562,347.29,1645.84,0.4062,2620.08,1,94.4
47242,0.4375,-0.6475,0.0875,0.7863,-32.33,22.57,495.93,497.49,495.93,7.81,3.6562,347.29,1645.84,0.4062,2620.08,1,94.4
47342,0.4200,-0.6475,0.0700,0.7750,-34.16,23.55,495.69,497.42,495.69,31.05,3.6562,347.29,1645.84,0.4062,2620.08,1,94.4
47442,0.4025,-0.6475,0.0700,0.7656,-33.67,23.55,495.93,497.63,495.93,50.24,3.6562,347.29,1645.84,0.4062,2620.08,1,94.4
47542,0.4550,-0.6650,0.0700,0.8088,-33.31,23.42,495.93,497.60,495.93,12.62,3.6562,347.29,1645.84,0.4062,2620.08,1,94.4
47642,0.4375,-0.6125,0.1050,0.7600,-33.67,23.30,496.30,497.98,496.30,29.22,3.6562,347.29,1645.84,0.4062,2620.08,1,94.4
47742,0.4200,-0.6650,0.1225,0.7960,-33.79,22.81,495.81,497.48,495.81,8.54,3.6562,347.29,1645.84,0.4062,2620.08,1,94.4
47842,0.4025,-0.6650,0.0525,0.7791,-33.79,22.33,496.05,497.70,496.05,8.65,3.6562,347.29,1645.84,0.4062,2620.08,1,94.4
47942,0.4725,-0.6300,0.0875,0.7923,-33.79,22.69,496.42,498.08,496.42,13.51,3.6562,347.29,1645.84,0.4062,2620.08,1,94.4
