SWV ITM Data Console - ITM Port: 0

=== PARKINSON TREMOR MONITOR ===
IMU init... OK
FFT INIT STATUS: 0
TIME_MS,GX_DPS,GY_DPS,GZ_DPS,GYRO_MAG,AX_MG,AY_MG,AZ_MG,ACCEL_MAG,ACCEL_VERT,JERK_MG_S,DOMINANT_HZ,PEAK_FFT_MAG,BAND_ENERGY,GLOBAL_HZ,GLOBAL_MAG,TREMOR,TREMOR_PCT
142,-2.7125,11.3400,8.9775,14.7156,44.41,17.20,528.50,530.65,528.50,620.42,0.0000,0.00,0.00,0.0000,0.00,0,0.0
242,1.3475,-2.5900,-10.6400,11.0333,59.41,-5.73,502.52,506.05,502.52,382.77,0.0000,0.00,0.00,0.0000,0.00,0,0.0
342,-4.1125,-4.9875,15.3300,16.6372,74.05,18.54,485.68,491.65,485.68,548.17,0.0000,0.00,0.00,0.0000,0.00,0,0.0
442,-3.8150,21.2450,5.4425,22.2604,14.88,4.39,502.64,502.88,502.64,2484.74,0.0000,0.00,0.00,0.0000,0.00,0,0.0
542,-8.2075,-61.1100,-15.2250,63.5106,-83.20,-39.65,480.56,489.32,480.56,4815.98,0.0000,0.00,0.00,0.0000,0.00,0,0.0
642,19.4425,9.8175,-38.9900,44.6611,36.97,35.01,460.18,462.99,460.18,1546.53,0.0000,0.00,0.00,0.0000,0.00,0,0.0
742,-4.4450,-5.6700,-41.6150,42.2341,-123.95,-56.97,456.40,476.35,456.40,424.51,0.0000,0.00,0.00,0.0000,0.00,0,0.0
842,122.9900,-49.6125,-12.4950,133.2068,-29.28,12.69,535.34,536.29,535.34,2565.56,0.0000,0.00,0.00,0.0000,0.00,0,0.0
942,-52.7975,9.4325,19.0225,56.9070,0.61,60.76,531.43,534.89,531.43,3028.07,0.0000,0.00,0.00,0.0000,0.00,0,0.0
1042,-76.1250,-44.3625,1.7500,88.1255,19.03,39.53,521.67,523.51,521.67,2049.32,0.0000,0.00,0.00,0.0000,0.00,0,0.0
1142,19.3200,13.5275,-8.8900,25.2049,55.27,5.12,552.90,555.68,552.90,3538.62,0.0000,0.00,0.00,0.0000,0.00,0,0.0
1242,-36.9250,-183.4875,-20.5450,188.2903,53.31,20.25,554.73,557.66,554.73,4121.59,0.0000,0.00,0.00,0.0000,0.00,0,0.0
1342,39.1300,76.0725,-32.1125,91.3750,206.67,-68.81,610.00,647.72,610.00,21438.52,0.0000,0.00,0.00,0.0000,0.00,0,0.0
1442,-39.5850,302.6625,-64.9250,312.0686,109.92,9.88,421.14,435.37,421.14,3303.81,0.0000,0.00,0.00,0.0000,0.00,0,0.0
1542,9.8175,-273.6825,27.9650,275.2827,-54.78,3.90,544.00,546.76,544.00,5012.79,0.0000,0.00,0.00,0.0000,0.00,0,0.0
1642,5.1100,-118.4225,5.7925,118.6741,130.78,-11.71,519.23,535.58,519.23,3009.58,0.0000,0.00,0.00,0.0000,0.00,0,0.0
1742,0.5425,65.6950,-13.8950,67.1506,144.33,3.54,526.31,545.75,526.31,294.39,0.0000,0.00,0.00,0.0000,0.00,0,0.0
1842,-17.8325,156.5025,-16.6250,158.3901,82.84,26.60,456.77,464.98,456.77,688.19,0.0000,0.00,0.00,0.0000,0.00,0,0.0
1942,4.8300,-137.9000,22.4875,139.8049,-44.41,-12.32,500.08,502.20,500.08,1166.40,0.0000,0.00,0.00,0.0000,0.00,0,0.0
2042,7.5075,-229.6875,11.7600,230.1109,74.66,28.67,451.40,458.43,451.40,2240.58,0.0000,0.00,0.00,0.0000,0.00,0,0.0
2142,5.6000,137.4450,-2.9925,137.5916,253.52,-26.47,536.92,594.35,536.92,4540.47,0.0000,0.00,0.00,0.0000,0.00,0,0.0
2242,-7.2625,120.2425,-2.9400,120.4975,41.60,60.39,504.10,509.41,504.10,1427.46,0.0000,0.00,0.00,0.0000,0.00,0,0.0
2342,-3.9375,-123.5850,17.7275,124.9120,21.11,2.81,535.21,535.64,535.21,1964.83,0.0000,0.00,0.00,0.0000,0.00,0,0.0
2442,-0.9100,-125.1600,10.7800,125.6267,74.66,37.45,514.96,521.69,514.96,1129.26,0.0000,0.00,0.00,0.0000,0.00,0,0.0
2542,10.3950,122.1325,-8.0675,122.8393,223.38,12.44,556.08,599.40,556.08,5025.83,0.0000,0.00,0.00,0.0000,0.00,0,0.0
2642,2.8000,109.6550,-16.9050,110.9858,72.71,25.38,454.45,460.93,454.45,3995.26,5.6875,1664.73,5114.87,0.4062,4345.70,0,0.0
2742,5.8975,-188.6500,14.0875,189.2672,56.12,45.63,485.80,491.16,485.80,17.06,5.6875,1664.73,5114.87,0.4062,4345.70,0,0.0
2842,23.5725,-115.2550,13.5800,118.4221,206.91,19.03,579.62,615.74,579.62,1434.95,5.6875,1664.73,5114.87,0.4062,4345.70,0,0.0
2942,-2.8700,160.9125,-12.7400,161.4416,164.70,65.39,511.55,541.37,511.55,3499.59,5.6875,1664.73,5114.87,0.4062,4345.70,0,0.0
3042,-13.0900,43.5575,1.1900,45.4975,41.24,41.48,483.85,487.37,483.85,6971.97,5.6875,1664.73,5114.87,0.4062,4345.70,0,0.0
3142,-6.3525,-156.2575,40.2150,161.4745,122.37,15.74,477.39,493.07,477.39,3901.55,5.6875,1664.73,5114.87,0.4062,4345.70,0,0.0
3242,19.7400,-5.7925,-34.1425,39.8614,322.81,-27.33,532.29,623.12,532.29,5156.92,5.6875,1664.73,5114.87,0.4062,4345.70,0,0.0
3342,-31.5700,210.4025,-8.7500,212.9376,114.31,68.20,549.12,565.03,549.12,3145.59,5.6875,1664.73,5114.87,0.4062,4345.70,0,0.0
3442,3.6925,14.4725,-2.2225,15.1006,18.06,51.48,583.65,586.19,583.65,1608.50,5.6875,1664.73,5114.87,0.4062,4345.70,0,0.0
3542,23.9575,-82.2850,10.2725,86.3152,59.05,49.65,540.95,546.42,540.95,4089.22,5.6875,1664.73,5114.87,0.4062,4345.70,0,0.0
3642,-13.7725,164.0450,1.5750,164.6297,153.35,48.31,476.78,503.16,476.78,2827.49,5.6875,1664.73,5114.87,0.4062,4345.70,0,0.0
3742,-50.9600,-126.5600,1.7850,136.4461,-11.96,20.13,456.89,457.49,456.89,12131.08,5.6875,1664.73,5114.87,0.4062,4345.70,0,0.0
3842,11.8650,-19.4250,4.4100,23.1853,63.44,39.41,537.29,542.45,537.29,1042.54,5.6875,1664.73,5114.87,0.4062,4345.70,0,0.0
3942,7.3150,195.0900,-6.9825,195.3519,164.94,55.14,433.10,466.72,433.10,241.42,5.6875,1664.73,5114.87,0.4062,4345.70,0,0.0
4042,-40.0575,-94.4300,4.2525,102.6631,-50.63,7.69,419.07,422.19,419.07,9129.32,5.6875,1664.73,5114.87,0.4062,4345.70,0,0.0
4142,-0.2800,-136.3950,11.5850,136.8864,54.78,63.07,499.22,506.17,499.22,3877.69,5.6875,1664.73,5114.87,0.4062,4345.70,0,0.0
4242,-2.0825,37.6600,-2.1875,37.7809,187.76,3.66,413.70,454.33,413.70,6297.61,5.6875,1664.73,5114.87,0.4062,4345.70,0,0.0
4342,-29.0325,57.8900,-11.8825,65.8432,41.11,35.01,402.48,406.08,402.48,4186.27,5.6875,1664.73,5114.87,0.4062,4345.70,0,0.0
4442,10.7100,-195.1250,22.9425,196.7608,71.37,64.78,557.78,566.05,557.78,2200.66,5.6875,1664.73,5114.87,0.4062,4345.70,0,0.0
4542,25.1125,94.2200,-4.2875,97.6034,239.61,0.00,608.41,653.90,608.41,8488.80,5.6875,1664.73,5114.87,0.4062,4345.70,0,0.0
4642,-52.0975,77.2450,-36.7850,100.1702,-26.47,26.11,342.45,344.47,342.45,2388.22,5.6875,1664.73,5114.87,0.4062,4345.70,0,0.0
4742,8.1200,-128.3450,16.9750,129.7171,58.68,47.95,492.39,498.19,492.39,2427.31,5.6875,1664.73,5114.87,0.4062,4345.70,0,0.0
4842,32.8475,25.7600,-4.9875,42.0406,223.38,2.44,595.48,636.01,595.48,8303.61,5.6875,1664.73,5114.87,0.4062,4345.70,0,0.0
4942,-43.1900,194.4600,-51.3100,205.7007,57.58,51.61,403.82,411.16,403.82,4552.70,5.6875,1664.73,5114.87,0.4062,4345.70,0,0.0
5042,33.2325,-195.3525,39.9700,202.1499,35.87,57.71,574.38,578.38,574.38,3058.36,5.6875,1664.73,5114.87,0.4062,4345.70,0,0.0
5142,22.0500,-103.9150,10.1150,106.7092,247.66,-26.11,399.31,470.60,399.31,2760.93,5.6875,1664.73,5114.87,0.4062,4345.70,0,0.0
5242,-18.1475,210.4550,-9.0475,211.4296,179.71,66.73,498.74,534.31,498.74,266.11,3.6562,965.40,3282.03,2.4375,2137.39,1,50.0
5342,-6.5975,25.6375,4.7250,26.8912,11.96,42.21,533.51,535.31,533.51,4286.38,3.6562,965.40,3282.03,2.4375,2137.39,1,50.0
5442,20.7375,-178.1850,15.1725,180.0282,159.21,42.33,506.67,532.78,506.67,1516.81,3.6562,965.40,3282.03,2.4375,2137.39,1,50.0
5542,-0.8050,331.4325,-33.1275,333.0849,224.11,90.89,425.66,489.56,425.66,9941.49,3.6562,965.40,3282.03,2.4375,2137.39,1,50.0
5642,-12.5475,-19.3900,16.5200,28.3958,21.23,53.92,548.02,551.08,548.02,1592.33,3.6562,965.40,3282.03,2.4375,2137.39,1,50.0
5742,7.8750,-208.0050,16.7125,208.8239,173.12,70.39,551.07,581.90,551.07,2552.55,3.6562,965.40,3282.03,2.4375,2137.39,1,50.0
5842,24.6925,276.9375,-13.2825,278.3532,249.49,5.37,494.10,553.54,494.10,1559.28,3.6562,965.40,3282.03,2.4375,2137.39,1,50.0
5942,-50.6975,-38.3425,-2.6425,63.6189,-22.69,27.82,509.96,511.22,509.96,7582.78,3.6562,965.40,3282.03,2.4375,2137.39,1,50.0
6042,19.8625,-183.9600,22.4175,186.3823,134.44,34.40,487.88,507.23,487.88,145.57,3.6562,965.40,3282.03,2.4375,2137.39,1,50.0
6142,6.3175,127.1725,-3.3250,127.3727,244.37,12.81,549.85,601.85,549.85,5268.34,3.6562,965.40,3282.03,2.4375,2137.39,1,50.0
6242,-38.7625,164.7275,-37.9225,173.4237,49.78,74.91,455.55,464.34,455.55,7678.45,3.6562,965.40,3282.03,2.4375,2137.39,1,50.0
6342,43.5925,-302.4350,31.6750,307.1979,178.97,34.65,447.13,482.86,447.13,1265.76,3.6562,965.40,3282.03,2.4375,2137.39,1,50.0
6442,-10.2200,276.7975,-27.9650,278.3942,230.58,65.39,456.65,515.72,456.65,5390.60,3.6562,965.40,3282.03,2.4375,2137.39,1,50.0
6542,-62.4225,140.2275,-38.3425,158.2102,10.25,60.63,500.08,503.84,500.08,11606.84,3.6562,965.40,3282.03,2.4375,2137.39,1,50.0
6642,30.8000,-236.3550,33.2325,240.6589,117.00,31.84,457.62,473.41,457.62,2157.00,3.6562,965.40,3282.03,2.4375,2137.39,1,50.0
6742,0.0700,-12.1800,-2.5725,12.4489,232.29,0.61,424.19,483.63,424.19,2548.34,3.6562,965.40,3282.03,2.4375,2137.39,1,50.0
6842,-60.2875,40.9850,-8.0675,73.3446,87.11,4.39,381.13,390.98,381.13,5897.18,3.6562,965.40,3282.03,2.4375,2137.39,1,50.0
6942,12.3025,-284.0775,24.0625,285.3601,35.62,96.75,543.02,552.72,543.02,1830.26,3.6562,965.40,3282.03,2.4375,2137.39,1,50.0
7042,30.2575,258.1075,-13.2300,260.2115,261.81,35.01,512.40,576.48,512.40,7315.73,3.6562,965.40,3282.03,2.4375,2137.39,1,50.0
7142,-47.4075,-81.2175,20.7900,96.3119,-30.13,-15.49,369.17,370.72,369.17,9837.37,3.6562,965.40,3282.03,2.4375,2137.39,1,50.0
7242,-5.9675,-257.1275,30.5550,259.0053,117.49,69.78,528.63,546.00,528.63,9951.91,3.6562,965.40,3282.03,2.4375,2137.39,1,50.0
7342,51.4850,224.1050,-24.1325,231.2058,302.68,-7.69,485.44,572.12,485.44,14980.86,3.6562,965.40,3282.03,2.4375,2137.39,1,50.0
7442,-47.9325,85.4350,-19.8450,99.9524,29.16,14.27,406.99,408.28,406.99,3756.09,3.6562,965.40,3282.03,2.4375,2137.39,1,50.0
7542,29.8725,-319.9875,39.1650,323.7565,20.37,111.26,597.56,608.17,597.56,5939.52,3.6562,965.40,3282.03,2.4375,2137.39,1,50.0
7642,23.8700,50.9250,2.7125,56.3071,297.07,7.32,453.60,542.27,453.60,1606.46,3.6562,965.40,3282.03,2.4375,2137.39,1,50.0
7742,-34.2825,119.4900,-16.4850,125.3990,121.27,38.06,450.18,467.78,450.18,1953.86,5.2812,609.14,2236.93,13.8125,4632.78,1,66.7
7842,-4.4100,-72.0125,9.3800,72.7546,112.36,73.08,551.44,567.50,551.44,4179.72,5.2812,609.14,2236.93,13.8125,4632.78,1,66.7
7942,21.5600,169.7325,22.6275,172.5861,92.96,23.55,407.24,418.38,407.24,6070.00,5.2812,609.14,2236.93,13.8125,4632.78,1,66.7
8042,-2.1875,-379.1200,26.3200,380.0388,80.40,118.58,609.02,625.65,609.02,2705.97,5.2812,609.14,2236.93,13.8125,4632.78,1,66.7
8142,66.5700,63.1050,21.4200,94.1946,250.22,8.05,462.01,525.48,462.01,9554.28,5.2812,609.14,2236.93,13.8125,4632.78,1,66.7
8242,-12.8800,302.2075,-5.0750,302.5244,28.79,29.65,355.75,358.14,355.75,6305.56,5.2812,609.14,2236.93,13.8125,4632.78,1,66.7
8342,-13.1075,-227.7100,4.9175,228.1400,-41.48,81.98,519.35,527.42,519.35,3801.33,5.2812,609.14,2236.93,13.8125,4632.78,1,66.7
8442,12.9500,-42.3675,-0.4375,44.3046,124.81,-1.95,550.22,564.20,550.22,1119.34,5.2812,609.14,2236.93,13.8125,4632.78,1,66.7
8542,-16.6775,177.5550,-18.7775,179.3224,112.36,27.82,335.74,355.14,335.74,1626.08,5.2812,609.14,2236.93,13.8125,4632.78,1,66.7
8642,13.4050,-241.3250,33.7400,244.0406,-36.60,-31.60,456.28,458.83,456.28,3806.33,5.2812,609.14,2236.93,13.8125,4632.78,1,66.7
8742,7.5075,5.3550,21.8925,23.7554,97.60,28.30,522.65,532.44,522.65,2704.49,5.2812,609.14,2236.93,13.8125,4632.78,1,66.7
8842,-12.9500,246.8550,-30.1175,249.0224,99.31,26.72,363.44,377.71,363.44,4745.51,5.2812,609.14,2236.93,13.8125,4632.78,1,66.7
8942,-13.6150,-197.1375,5.8800,197.6945,21.47,71.98,606.71,611.34,606.71,523.97,5.2812,609.14,2236.93,13.8125,4632.78,1,66.7
9042,16.5550,36.0150,3.4825,39.7904,242.05,-36.60,729.07,769.07,729.07,9532.43,5.2812,609.14,2236.93,13.8125,4632.78,1,66.7
9142,-9.9050,181.6500,-22.7325,183.3347,56.36,-25.13,276.45,283.26,276.45,290.38,5.2812,609.14,2236.93,13.8125,4632.78,1,66.7
9242,-34.0200,-99.0500,5.7400,104.8867,4.15,80.52,509.11,515.45,509.11,2501.10,5.2812,609.14,2236.93,13.8125,4632.78,1,66.7
9342,30.0650,152.1975,-11.2175,155.5436,60.88,29.52,512.64,517.09,512.64,2079.25,5.2812,609.14,2236.93,13.8125,4632.78,1,66.7
9442,-41.3875,-375.2525,-13.6850,377.7759,162.87,27.82,518.01,543.72,518.01,1256.40,5.2812,609.14,2236.93,13.8125,4632.78,1,66.7
9542,62.3875,309.6100,7.1575,315.9142,222.28,45.26,594.75,636.54,594.75,10286.38,5.2812,609.14,2236.93,13.8125,4632.78,1,66.7
9642,-2.7300,-157.0975,7.6650,157.3081,2.56,41.97,535.09,536.74,535.09,6044.70,5.2812,609.14,2236.93,13.8125,4632.78,1,66.7
9742,5.6525,-107.5900,0.0350,107.7384,120.54,-5.12,563.88,576.65,563.88,1180.68,5.2812,609.14,2236.93,13.8125,4632.78,1,66.7
9842,-27.8425,152.1450,-13.2125,155.2349,195.32,19.03,514.47,550.63,514.47,5422.93,5.2812,609.14,2236.93,13.8125,4632.78,1,66.7
9942,-14.2100,72.1350,-3.3425,73.5973,31.11,66.86,544.00,548.97,544.00,1356.28,5.2812,609.14,2236.93,13.8125,4632.78,1,66.7
10042,66.4825,-36.5400,8.7675,76.3673,46.12,9.76,517.28,519.42,517.28,5885.27,5.2812,609.14,2236.93,13.8125,4632.78,1,66.7
10142,1.9600,-26.4250,0.0175,26.4976,128.95,-14.40,324.15,349.16,324.15,2825.16,5.2812,609.14,2236.93,13.8125,4632.78,1,66.7
10242,-45.3250,-81.4450,1.9775,93.2285,98.58,15.74,470.31,480.79,470.31,4962.89,5.2812,609.14,2236.93,13.8125,4632.78,1,66.7
10342,20.1075,96.2150,-6.0900,98.4821,62.95,-19.76,379.42,385.11,379.42,5067.45,3.6562,2501.09,6615.07,13.8125,3275.88,1,75.0
10442,-6.8775,-82.9500,1.4875,83.2479,37.82,-40.50,463.84,467.14,463.84,8116.60,3.6562,2501.09,6615.07,13.8125,3275.88,1,75.0
10542,-6.4575,150.0975,-15.8375,151.0688,49.04,15.01,357.09,360.76,357.09,1198.51,3.6562,2501.09,6615.07,13.8125,3275.88,1,75.0
10642,1.8550,-259.6650,5.3200,259.7261,31.96,79.30,551.32,557.91,551.32,6290.57,3.6562,2501.09,6615.07,13.8125,3275.88,1,75.0
10742,0.5600,257.3375,-17.6575,257.9432,225.21,-4.15,417.73,474.59,417.73,4509.92,3.6562,2501.09,6615.07,13.8125,3275.88,1,75.0
10842,-17.7100,-6.6150,-5.3025,19.6346,-46.85,-42.21,419.31,424.03,419.31,5738.98,3.6562,2501.09,6615.07,13.8125,3275.88,1,75.0
10942,56.6650,-181.7375,8.3475,190.5495,186.66,28.79,549.98,581.50,549.98,4326.13,3.6562,2501.09,6615.07,13.8125,3275.88,1,75.0
11042,-11.6725,211.2250,-5.0225,211.6069,212.28,1.83,465.19,511.34,465.19,5218.33,3.6562,2501.09,6615.07,13.8125,3275.88,1,75.0
11142,0.4375,-146.9825,27.4225,149.5194,54.78,26.11,481.78,485.58,481.78,3883.90,3.6562,2501.09,6615.07,13.8125,3275.88,1,75.0
11242,10.3600,91.3325,9.5200,92.4099,153.35,-23.06,583.04,603.31,583.04,1858.15,3.6562,2501.09,6615.07,13.8125,3275.88,1,75.0
11342,1.0675,60.4975,-15.5400,62.4706,-27.69,-29.40,306.46,309.11,306.46,3128.34,3.6562,2501.09,6615.07,13.8125,3275.88,1,75.0
11442,20.6500,-266.5075,13.6850,267.6564,57.95,124.20,625.37,640.21,625.37,4530.52,3.6562,2501.09,6615.07,13.8125,3275.88,1,75.0
11542,15.2950,80.4300,-9.3800,82.4070,338.18,-34.53,477.39,586.05,477.39,1311.77,3.6562,2501.09,6615.07,13.8125,3275.88,1,75.0
11642,-54.8800,163.8875,-15.9075,173.5626,111.02,4.39,424.68,438.98,424.68,3761.93,3.6562,2501.09,6615.07,13.8125,3275.88,1,75.0
11742,8.1375,-194.6875,15.4525,195.4692,53.56,91.74,617.20,626.27,617.20,2919.58,3.6562,2501.09,6615.07,13.8125,3275.88,1,75.0
11842,23.8700,182.6125,-2.4675,184.1825,256.57,-8.17,438.22,507.87,438.22,295.44,3.6562,2501.09,6615.07,13.8125,3275.88,1,75.0
11942,-21.2450,-46.9000,4.5850,51.6912,11.83,-30.50,351.12,352.64,351.12,7317.28,3.6562,2501.09,6615.07,13.8125,3275.88,1,75.0
12042,32.1825,-151.1475,8.4700,154.7676,63.81,79.67,579.74,588.66,579.74,2747.94,3.6562,2501.09,6615.07,13.8125,3275.88,1,75.0
12142,-37.8525,141.6100,6.0725,146.7075,192.39,-34.89,333.67,386.74,333.67,4487.28,3.6562,2501.09,6615.07,13.8125,3275.88,1,75.0
12242,-19.6000,-133.1400,31.3075,138.1687,92.60,83.69,660.14,671.84,660.14,430.73,3.6562,2501.09,6615.07,13.8125,3275.88,1,75.0
12342,58.8000,426.2475,-57.8900,434.1608,223.87,53.80,510.69,560.20,510.69,7858.72,3.6562,2501.09,6615.07,13.8125,3275.88,1,75.0
12442,-6.2650,-319.7425,-6.4400,319.8687,100.65,62.22,633.67,644.62,633.67,9022.07,3.6562,2501.09,6615.07,13.8125,3275.88,1,75.0
12542,11.2875,419.6850,1.4875,419.8394,188.25,-18.18,729.68,753.79,729.68,19213.82,3.6562,2501.09,6615.07,13.8125,3275.88,1,75.0
12642,-39.0250,-243.7925,2.7125,246.9111,-67.83,-23.55,445.30,451.05,445.30,25041.46,3.6562,2501.09,6615.07,13.8125,3275.88,1,75.0
12742,20.8250,-41.4400,13.7200,48.3652,60.51,38.31,603.05,607.28,603.05,5352.42,3.6562,2501.09,6615.07,13.8125,3275.88,1,75.0
12844,-23.9400,126.4725,-18.6725,130.0657,227.65,-47.46,285.85,368.49,285.85,4817.37,5.6875,1030.73,4401.70,13.4062,3372.44,1,80.0
12942,-20.4400,-45.7625,-0.0525,50.1199,56.73,74.54,636.11,642.97,636.11,9966.23,5.6875,1030.73,4401.70,13.4062,3372.44,1,80.0
13042,-1.9250,-127.6275,-2.5550,127.6676,82.47,44.41,571.45,579.07,571.45,1471.33,5.6875,1030.73,4401.70,13.4062,3372.44,1,80.0
13142,3.3425,27.3350,8.7850,28.9059,149.33,-15.25,696.01,712.01,696.01,7163.62,5.6875,1030.73,4401.70,13.4062,3372.44,1,80.0
13242,-3.6575,207.2525,-12.8800,207.6846,56.61,2.68,342.09,346.75,342.09,1822.90,5.6875,1030.73,4401.70,13.4062,3372.44,1,80.0
13342,-31.4125,-327.4600,11.8650,329.1771,21.59,61.37,600.12,603.63,600.12,2174.57,5.6875,1030.73,4401.70,13.4062,3372.44,1,80.0
13442,-47.7050,39.0075,-12.2150,62.8216,211.79,-82.35,433.34,489.31,433.34,326.01,5.6875,1030.73,4401.70,13.4062,3372.44,1,80.0
13542,-38.0975,45.8500,-1.6100,59.6342,77.35,-42.33,549.12,556.16,549.12,1714.50,5.6875,1030.73,4401.70,13.4062,3372.44,1,80.0
13642,-31.1850,98.5775,19.7225,105.2568,110.78,-106.99,465.92,490.71,465.92,2229.67,5.6875,1030.73,4401.70,13.4062,3372.44,1,80.0
13742,19.0750,143.8675,-14.2450,145.8240,-41.97,-133.71,457.50,478.48,457.50,1759.04,5.6875,1030.73,4401.70,13.4062,3372.44,1,80.0
13842,-33.7925,-500.8150,-95.9175,511.0360,186.17,-80.28,593.16,626.86,593.16,88.72,5.6875,1030.73,4401.70,13.4062,3372.44,1,80.0
13942,212.8000,456.6275,19.3900,504.1512,221.19,-42.21,479.83,530.04,479.83,3356.18,5.6875,1030.73,4401.70,13.4062,3372.44,1,80.0
14042,-3.4825,-309.5750,-7.7525,309.6917,41.36,-3.78,576.69,578.19,576.69,3538.13,5.6875,1030.73,4401.70,13.4062,3372.44,1,80.0
14142,74.6900,376.8100,-27.9300,385.1551,182.39,-3.42,538.75,568.80,538.75,5425.24,5.6875,1030.73,4401.70,13.4062,3372.44,1,80.0
14242,-106.5925,-417.5150,16.5025,431.2228,61.61,47.21,358.68,366.98,358.68,29928.29,5.6875,1030.73,4401.70,13.4062,3372.44,1,80.0
14342,26.3375,90.2475,16.5200,95.4525,202.52,-90.40,581.57,622.43,581.57,173.23,5.6875,1030.73,4401.70,13.4062,3372.44,1,80.0
14442,-31.2375,130.9175,-13.2300,135.2413,20.86,-109.07,227.41,253.07,227.41,4699.12,5.6875,1030.73,4401.70,13.4062,3372.44,1,80.0
14542,-5.7050,-35.5425,20.3525,41.3526,65.51,-63.68,515.57,523.61,515.57,2618.48,5.6875,1030.73,4401.70,13.4062,3372.44,1,80.0
14642,0.5600,239.4525,-66.5175,248.5204,162.38,-63.07,285.60,334.54,285.60,4646.96,5.6875,1030.73,4401.70,13.4062,3372.44,1,80.0
14742,11.2350,-95.8650,-0.1750,96.5213,98.58,-56.61,554.86,566.38,554.86,407.22,5.6875,1030.73,4401.70,13.4062,3372.44,1,80.0
14842,-14.6300,329.1925,-32.8825,331.1541,205.08,-11.96,361.85,416.10,361.85,4080.83,5.6875,1030.73,4401.70,13.4062,3372.44,1,80.0
14942,-22.1725,-107.7825,2.1000,110.0595,56.73,1.59,527.41,530.45,527.41,2752.70,5.6875,1030.73,4401.70,13.4062,3372.44,1,80.0
15042,-9.4325,340.2000,-34.2825,342.0531,182.63,-4.15,421.27,459.17,421.27,1826.65,5.6875,1030.73,4401.70,13.4062,3372.44,1,80.0
15142,-17.9900,-187.8100,18.9700,189.6209,97.23,9.39,568.15,576.49,568.15,4494.28,5.6875,1030.73,4401.70,13.4062,3372.44,1,80.0
15242,10.4650,367.3775,-30.3100,368.7743,154.09,23.79,434.56,461.69,434.56,968.43,5.6875,1030.73,4401.70,13.4062,3372.44,1,80.0
15342,-19.3025,-357.8225,29.0325,359.5169,172.26,-2.44,589.63,614.28,589.63,7229.57,5.6875,1030.73,4401.70,13.4062,3372.44,1,80.0
15442,42.9800,218.1025,-1.6625,222.3033,178.97,-24.03,466.77,500.49,466.77,363.36,5.6875,3510.66,14237.69,10.9688,5004.74,1,83.3
15542,-61.0050,-452.1300,30.3800,457.2375,139.57,82.59,587.43,609.41,587.43,267.53,5.6875,3510.66,14237.69,10.9688,5004.74,1,83.3
15642,102.4100,276.6575,32.6025,296.7998,213.99,-25.01,545.83,586.81,545.83,3656.68,5.6875,3510.66,14237.69,10.9688,5004.74,1,83.3
15742,-89.9150,-149.0125,-20.6850,175.2635,60.02,-102.97,306.95,329.28,306.95,5432.66,5.6875,3510.66,14237.69,10.9688,5004.74,1,83.3
15842,46.8475,78.8550,1.4000,91.7320,221.55,-32.21,720.29,754.28,720.29,8226.82,5.6875,3510.66,14237.69,10.9688,5004.74,1,83.3
15942,-61.9850,181.1775,-56.0000,199.5080,154.33,-73.32,318.91,361.80,318.91,1366.55,5.6875,3510.66,14237.69,10.9688,5004.74,1,83.3
16042,88.1475,82.2500,21.2800,122.4250,270.72,-77.47,645.38,704.13,645.38,13067.12,5.6875,3510.66,14237.69,10.9688,5004.74,1,83.3
16142,17.3950,186.8650,-21.7525,188.9293,100.04,-6.34,405.16,417.38,405.16,11951.26,5.6875,3510.66,14237.69,10.9688,5004.74,1,83.3
16242,6.9475,-101.2200,18.9875,103.2196,16.84,-99.06,539.97,549.24,539.97,1510.03,5.6875,3510.66,14237.69,10.9688,5004.74,1,83.3
16342,-3.1325,92.0850,-11.9000,92.9036,182.51,-47.70,440.05,478.78,440.05,574.74,5.6875,3510.66,14237.69,10.9688,5004.74,1,83.3
16442,-16.6950,-144.3400,-30.3100,148.4300,109.19,-105.29,610.85,629.40,610.85,7169.97,5.6875,3510.66,14237.69,10.9688,5004.74,1,83.3
16542,-3.1675,243.7575,-17.4300,244.4004,193.86,-31.72,319.52,375.07,319.52,2653.71,5.6875,3510.66,14237.69,10.9688,5004.74,1,83.3
16642,-14.0350,-185.4300,-0.7525,185.9619,98.33,-10.37,546.56,555.43,546.56,1346.08,5.6875,3510.66,14237.69,10.9688,5004.74,1,83.3
16742,40.2150,293.3175,-10.1850,296.2366,193.13,-9.88,452.50,492.09,452.50,11675.94,5.6875,3510.66,14237.69,10.9688,5004.74,1,83.3
16842,-59.0275,-337.4000,12.6875,342.7593,172.87,-10.98,555.47,581.85,555.47,4124.72,5.6875,3510.66,14237.69,10.9688,5004.74,1,83.3
16942,96.6175,336.9275,15.6450,350.8559,232.17,-55.75,598.29,644.17,598.29,9325.76,5.6875,3510.66,14237.69,10.9688,5004.74,1,83.3
17042,-48.8075,-378.0000,4.6025,381.1658,148.35,36.36,434.81,460.86,434.81,11268.36,5.6875,3510.66,14237.69,10.9688,5004.74,1,83.3
17142,71.3125,342.7200,9.7825,350.1973,103.33,9.27,596.09,605.05,596.09,8649.88,5.6875,3510.66,14237.69,10.9688,5004.74,1,83.3
17242,-64.2075,-300.4750,-5.7050,307.3115,-30.74,-19.89,362.83,364.67,362.83,19420.05,5.6875,3510.66,14237.69,10.9688,5004.74,1,83.3
17342,3.4650,-69.2300,18.8825,71.8425,136.40,-48.56,573.77,591.75,573.77,3178.30,5.6875,3510.66,14237.69,10.9688,5004.74,1,83.3
17442,-33.8275,114.8000,-17.5350,120.9579,142.01,-45.51,313.05,346.75,313.05,3501.47,5.6875,3510.66,14237.69,10.9688,5004.74,1,83.3
17542,34.4050,-54.9850,32.8125,72.6892,83.20,-40.63,647.82,654.40,647.82,4595.26,5.6875,3510.66,14237.69,10.9688,5004.74,1,83.3
17642,-25.6725,257.8450,-66.3950,267.4910,110.90,-25.99,387.35,403.75,387.35,4616.01,5.6875,3510.66,14237.69,10.9688,5004.74,1,83.3
17742,11.3575,-120.0675,-24.5875,123.0843,199.10,-121.27,514.96,565.27,514.96,4628.17,5.6875,3510.66,14237.69,10.9688,5004.74,1,83.3
17842,-20.5800,138.7050,-8.5225,140.4822,186.05,-38.67,395.28,438.58,395.28,292.18,5.6875,3510.66,14237.69,10.9688,5004.74,1,83.3
17942,24.2550,-332.0450,38.8325,335.1867,195.44,29.89,521.06,557.31,521.06,1396.96,5.6875,3510.66,14237.69,10.9688,5004.74,1,83.3
18042,69.8600,494.4800,-4.7950,499.4135,152.26,52.09,569.13,591.44,569.13,5355.80,4.4688,2058.68,10328.47,10.9688,6057.94,1,85.7
18142,-60.5150,-384.7200,12.1975,389.6413,119.07,106.75,654.77,674.02,654.77,1335.20,4.4688,2058.68,10328.47,10.9688,6057.94,1,85.7
18242,49.0175,207.0950,34.0025,215.5162,207.64,-67.34,603.17,641.45,603.17,10297.78,4.4688,2058.68,10328.47,10.9688,6057.94,1,85.7
18342,-90.7550,-305.8475,15.6625,319.4127,226.55,-49.29,393.45,456.68,393.45,13116.38,4.4688,2058.68,10328.47,10.9688,6057.94,1,85.7
18442,54.5475,451.9725,43.1200,457.2897,171.65,-5.49,440.66,472.95,440.66,794.92,4.4688,2058.68,10328.47,10.9688,6057.94,1,85.7
18542,-115.6925,-494.2000,-16.8700,507.8415,243.02,54.41,504.71,562.81,504.71,8033.92,4.4688,2058.68,10328.47,10.9688,6057.94,1,85.7
18642,70.5775,252.8225,8.7150,262.6335,250.34,-72.71,553.64,611.94,553.64,5356.65,4.4688,2058.68,10328.47,10.9688,6057.94,1,85.7
18742,-44.2400,-332.6925,14.1050,335.9173,140.06,-35.99,437.61,460.89,437.61,13042.73,4.4688,2058.68,10328.47,10.9688,6057.94,1,85.7
18842,18.2000,329.5600,23.4150,330.8917,198.86,-9.88,401.50,448.16,401.50,2042.01,4.4688,2058.68,10328.47,10.9688,6057.94,1,85.7
18942,-45.8150,-366.3450,-0.5250,369.1991,175.07,36.72,498.37,529.50,498.37,2574.62,4.4688,2058.68,10328.47,10.9688,6057.94,1,85.7
19042,46.3050,200.7250,21.8575,207.1532,232.29,-38.19,532.29,582.02,532.29,3801.35,4.4688,2058.68,10328.47,10.9688,6057.94,1,85.7
19142,-67.9700,-267.5400,20.7900,276.8209,234.24,-21.96,431.27,491.27,431.27,4511.95,4.4688,2058.68,10328.47,10.9688,6057.94,1,85.7
19242,66.8150,330.2950,25.5500,337.9524,194.96,-23.18,448.72,489.79,448.72,2396.82,4.4688,2058.68,10328.47,10.9688,6057.94,1,85.7
19342,-70.3675,-185.5000,-52.5175,205.2314,84.91,-65.15,318.79,336.27,318.79,2705.43,4.4688,2058.68,10328.47,10.9688,6057.94,1,85.7
19442,44.4150,118.6150,16.7650,127.7626,222.04,-61.00,488.12,539.71,488.12,798.38,4.4688,2058.68,10328.47,10.9688,6057.94,1,85.7
19542,-64.7500,-96.0225,-21.2100,117.7402,44.77,-87.23,294.14,310.05,294.14,1644.41,4.4688,2058.68,10328.47,10.9688,6057.94,1,85.7
19642,-0.2800,-35.1575,18.8125,39.8753,136.88,-14.03,602.68,618.19,602.68,6266.35,4.4688,2058.68,10328.47,10.9688,6057.94,1,85.7
19742,22.5575,-117.5475,6.7375,119.8818,193.74,-62.71,364.78,417.77,364.78,10082.62,4.4688,2058.68,10328.47,10.9688,6057.94,1,85.7
19842,58.6425,336.1575,15.1025,341.5683,279.99,-128.34,635.13,705.87,635.13,9009.15,4.4688,2058.68,10328.47,10.9688,6057.94,1,85.7
19942,-50.5225,-466.3225,30.7475,470.0581,132.49,65.88,485.19,507.25,485.19,621.84,4.4688,2058.68,10328.47,10.9688,6057.94,1,85.7
20042,74.6200,291.0600,12.1975,300.7206,178.00,-44.90,607.93,635.04,607.93,6754.91,4.4688,2058.68,10328.47,10.9688,6057.94,1,85.7
20142,-29.5050,-478.6250,58.0825,483.0383,15.62,18.18,492.88,493.46,492.88,6253.45,4.4688,2058.68,10328.47,10.9688,6057.94,1,85.7
20242,56.9275,61.3550,19.9500,86.0417,241.68,-66.25,578.77,630.69,578.77,9895.20,4.4688,2058.68,10328.47,10.9688,6057.94,1,85.7
20342,-46.8125,67.7775,-20.2300,84.8201,153.23,-49.41,299.39,339.93,299.39,1377.81,4.4688,2058.68,10328.47,10.9688,6057.94,1,85.7
20442,6.9300,-82.0925,-15.9425,83.9128,143.11,-116.88,538.14,568.98,538.14,802.28,4.4688,2058.68,10328.47,10.9688,6057.94,1,85.7
20542,-17.5175,255.5350,-25.8125,257.4321,227.04,-38.31,317.93,392.55,317.93,4515.27,5.2812,992.21,3330.73,10.5625,5848.66,1,87.5
20642,-10.7275,-271.9150,15.5575,272.5709,194.35,28.79,585.60,617.68,585.60,3381.13,5.2812,992.21,3330.73,10.5625,5848.66,1,87.5
20742,13.4050,375.2875,-21.5600,376.1452,127.61,63.81,437.13,459.82,437.13,11374.46,5.2812,992.21,3330.73,10.5625,5848.66,1,87.5
20842,8.3475,-154.1225,-5.2850,154.4388,64.17,-2.32,616.83,620.17,616.83,10530.24,5.2812,992.21,3330.73,10.5625,5848.66,1,87.5
20942,46.7950,195.0200,-4.9000,200.6155,153.23,18.79,509.23,532.11,509.23,7015.62,5.2812,992.21,3330.73,10.5625,5848.66,1,87.5
21042,-55.7025,-425.6350,-13.0725,429.4634,205.33,-16.10,582.92,618.23,582.92,4194.47,5.2812,992.21,3330.73,10.5625,5848.66,1,87.5
21142,21.1400,407.9600,-3.8325,408.5253,303.17,32.21,451.28,544.61,451.28,10176.59,5.2812,992.21,3330.73,10.5625,5848.66,1,87.5
21242,-13.7900,-134.5750,12.8625,135.8898,124.93,18.06,580.35,593.92,580.35,167.25,5.2812,992.21,3330.73,10.5625,5848.66,1,87.5
21342,89.4950,465.4475,47.5475,476.3523,197.52,32.70,503.86,542.18,503.86,9211.05,5.2812,992.21,3330.73,10.5625,5848.66,1,87.5
21442,-47.0050,-290.9725,-32.3750,296.5175,84.06,5.61,594.63,600.57,594.63,1274.90,5.2812,992.21,3330.73,10.5625,5848.66,1,87.5
21542,48.2125,230.1075,-9.0650,235.2787,192.64,-13.54,530.58,564.63,530.58,1021.26,5.2812,992.21,3330.73,10.5625,5848.66,1,87.5
21642,-75.2850,-532.4725,12.3550,537.9103,240.22,41.60,455.67,516.79,455.67,5128.19,5.2812,992.21,3330.73,10.5625,5848.66,1,87.5
21742,61.5650,301.4200,13.9475,307.9591,220.09,-20.62,585.84,626.16,585.84,580.42,5.2812,992.21,3330.73,10.5625,5848.66,1,87.5
21842,-70.8575,-326.2350,11.9000,334.0534,78.93,-67.22,380.15,394.04,380.15,15482.61,5.2812,992.21,3330.73,10.5625,5848.66,1,87.5
21942,80.6925,127.0500,41.5275,156.1330,213.74,-82.47,700.28,736.80,700.28,7073.52,5.2812,992.21,3330.73,10.5625,5848.66,1,87.5
22042,-66.0975,-25.6200,-37.0825,80.0023,58.07,-21.84,302.68,308.98,302.68,4302.91,5.2812,992.21,3330.73,10.5625,5848.66,1,87.5
22142,-32.3750,-140.3325,-8.9250,144.2949,143.59,16.71,571.33,589.33,571.33,4781.98,5.2812,992.21,3330.73,10.5625,5848.66,1,87.5
22242,13.5625,3.0275,23.9400,27.6809,176.17,-59.29,403.21,443.99,403.21,4408.61,5.2812,992.21,3330.73,10.5625,5848.66,1,87.5
22342,74.7950,77.3675,13.1250,108.4080,226.92,-92.35,627.81,673.92,627.81,887.08,5.2812,992.21,3330.73,10.5625,5848.66,1,87.5
22442,-43.9425,96.7750,-16.7650,107.5984,98.82,-44.04,323.79,341.39,323.79,1605.43,5.2812,992.21,3330.73,10.5625,5848.66,1,87.5
22542,22.3300,-20.6325,11.7425,32.5916,98.33,-78.57,525.82,540.67,525.82,6189.41,5.2812,992.21,3330.73,10.5625,5848.66,1,87.5
22642,2.4325,161.6825,-13.7200,162.2818,118.22,-30.62,383.45,402.42,383.45,12759.62,5.2812,992.21,3330.73,10.5625,5848.66,1,87.5
22742,-32.0425,-218.9775,-3.4475,221.3363,162.14,-6.71,571.08,593.69,571.08,3162.50,5.2812,992.21,3330.73,10.5625,5848.66,1,87.5
22842,-58.9050,-39.2875,-16.9225,72.7989,197.52,-90.65,274.87,350.40,274.87,780.29,5.2812,992.21,3330.73,10.5625,5848.66,1,87.5
22942,80.5000,97.6850,53.9525,137.5990,113.46,-126.03,743.83,762.92,743.83,4101.79,5.2812,992.21,3330.73,10.5625,5848.66,1,87.5
23042,25.3750,-142.7125,-31.8325,148.4050,163.48,18.42,483.00,510.25,483.00,14260.33,5.2812,992.21,3330.73,10.5625,5848.66,1,87.5
23142,-29.1900,6.4225,-69.1600,75.3420,247.42,-83.08,404.19,481.13,404.19,5943.13,3.6562,2629.23,11219.99,10.9688,6394.50,1,88.9
23242,24.2200,298.1475,1.2425,299.1322,105.65,6.34,451.16,463.41,451.16,837.27,3.6562,2629.23,11219.99,10.9688,6394.50,1,88.9
23342,-8.3650,-69.7725,4.5675,70.4204,-7.08,-43.07,506.18,508.06,506.18,2225.31,3.6562,2629.23,11219.99,10.9688,6394.50,1,88.9
23442,-57.8025,112.4200,-40.4075,132.7108,139.08,-73.32,261.57,305.18,261.57,571.75,3.6562,2629.23,11219.99,10.9688,6394.50,1,88.9
23542,-16.2925,-243.3200,-39.6550,247.0680,196.54,-55.75,407.72,456.04,407.72,8650.88,3.6562,2629.23,11219.99,10.9688,6394.50,1,88.9
23642,-28.2975,187.0050,-9.4675,189.3707,276.09,-31.23,367.22,460.49,367.22,1598.21,3.6562,2629.23,11219.99,10.9688,6394.50,1,88.9
23742,-33.4075,-100.4150,8.2075,106.1442,224.60,-30.38,524.60,571.47,524.60,2215.63,3.6562,2629.23,11219.99,10.9688,6394.50,1,88.9
23842,14.1925,294.1925,-23.2925,295.4542,202.52,52.70,492.39,535.02,492.39,5992.09,3.6562,2629.23,11219.99,10.9688,6394.50,1,88.9
23942,10.1500,-146.9825,12.9150,147.8975,209.47,-10.49,592.80,628.81,592.80,3807.37,3.6562,2629.23,11219.99,10.9688,6394.50,1,88.9
24042,49.1400,490.7875,-14.8050,493.4636,233.87,44.41,477.87,533.88,477.87,9756.98,3.6562,2629.23,11219.99,10.9688,6394.50,1,88.9
24142,-33.5475,-290.1150,2.7475,292.0611,75.15,60.02,593.04,600.79,593.04,3618.29,3.6562,2629.23,11219.99,10.9688,6394.50,1,88.9
24242,67.3225,161.6125,18.2350,176.0211,233.39,-50.87,534.48,585.43,534.48,3737.98,3.6562,2629.23,11219.99,10.9688,6394.50,1,88.9
24342,-94.6925,-364.1400,42.8575,378.6837,247.17,-41.85,392.96,466.12,392.96,14628.11,3.6562,2629.23,11219.99,10.9688,6394.50,1,88.9
24442,51.9750,316.6800,36.4000,322.9746,260.35,-44.77,447.13,519.34,447.13,142.21,3.6562,2629.23,11219.99,10.9688,6394.50,1,88.9
24542,-55.1950,-345.3625,18.7950,350.2499,176.90,-47.46,452.74,488.39,452.74,5260.72,3.6562,2629.23,11219.99,10.9688,6394.50,1,88.9
24642,54.3025,239.5400,10.8675,245.8582,251.20,-60.02,502.40,564.89,502.40,1677.99,3.6562,2629.23,11219.99,10.9688,6394.50,1,88.9
24742,-30.5900,-7.5250,-18.6725,36.6202,94.43,-56.85,319.76,338.23,319.76,2952.76,3.6562,2629.23,11219.99,10.9688,6394.50,1,88.9
24842,-28.4550,4.8650,5.9850,29.4818,163.48,0.12,624.76,645.80,624.76,5322.26,3.6562,2629.23,11219.99,10.9688,6394.50,1,88.9
24942,35.4550,-100.6425,-2.9925,106.7470,206.18,-90.04,333.30,402.13,333.30,5687.63,3.6562,2629.23,11219.99,10.9688,6394.50,1,88.9
25042,56.3675,181.8600,8.1550,190.5698,230.09,-85.03,586.82,636.03,586.82,2204.43,3.6562,2629.23,11219.99,10.9688,6394.50,1,88.9
25142,-25.4100,-100.3975,6.6675,103.7776,33.31,-26.47,415.65,417.83,415.65,8619.42,3.6562,2629.23,11219.99,10.9688,6394.50,1,88.9
25242,35.6475,-15.5750,7.4900,39.6160,258.40,-67.95,408.09,487.77,408.09,1700.94,3.6562,2629.23,11219.99,10.9688,6394.50,1,88.9
25342,-73.1850,-15.0500,-28.8750,80.1019,196.79,-87.96,413.09,465.95,413.09,2505.26,3.6562,2629.23,11219.99,10.9688,6394.50,1,88.9
25442,52.5175,-187.3550,39.7425,198.5937,201.54,15.37,635.25,666.64,635.25,5104.22,3.6562,2629.23,11219.99,10.9688,6394.50,1,88.9
25542,45.5700,299.3025,59.0975,308.4658,113.83,-13.05,279.14,301.73,279.14,5263.53,3.6562,2629.23,11219.99,10.9688,6394.50,1,88.9
25644,-32.6200,-253.3475,-36.0325,257.9677,161.28,-44.77,502.03,529.20,502.03,2533.55,3.6562,1840.69,6745.94,10.9688,5115.96,1,90.0
25742,66.7100,336.7700,9.4500,343.4437,190.20,-8.78,464.94,502.42,464.94,5878.18,3.6562,1840.69,6745.94,10.9688,5115.96,1,90.0
25842,-72.3450,-408.9750,45.5525,417.8150,165.19,36.72,535.95,562.03,535.95,2955.57,3.6562,1840.69,6745.94,10.9688,5115.96,1,90.0
25942,101.6225,212.5200,31.7275,237.6942,264.62,-56.24,535.70,600.14,535.70,7259.99,3.6562,1840.69,6745.94,10.9688,5115.96,1,90.0
26042,-82.5125,-220.1500,26.3200,236.5736,137.25,-181.90,304.88,380.63,304.88,1492.54,3.6562,1840.69,6745.94,10.9688,5115.96,1,90.0
26142,69.9650,229.8975,6.1425,240.3866,229.48,-36.60,451.64,507.92,451.64,1166.23,3.6562,1840.69,6745.94,10.9688,5115.96,1,90.0
26242,-76.3875,-356.1950,29.5050,365.4866,178.36,-41.24,416.14,454.63,416.14,7772.87,3.6562,1840.69,6745.94,10.9688,5115.96,1,90.0
26342,91.5950,151.8650,21.0875,178.5982,231.68,-30.01,688.08,726.66,688.08,7601.10,3.6562,1840.69,6745.94,10.9688,5115.96,1,90.0
26442,-63.3675,-41.8775,-25.0950,79.9933,83.94,-65.03,268.03,288.30,268.03,6265.99,3.6562,1840.69,6745.94,10.9688,5115.96,1,90.0
26542,7.7875,8.2775,13.1250,17.3617,107.85,-49.65,524.23,537.51,524.23,9373.20,3.6562,1840.69,6745.94,10.9688,5115.96,1,90.0
26642,-33.9675,23.4850,-26.8625,49.2639,144.08,-79.67,300.49,342.63,300.49,5209.18,3.6562,1840.69,6745.94,10.9688,5115.96,1,90.0
26742,2.3100,25.3925,-4.9525,25.9739,246.68,-56.00,535.46,592.20,535.46,241.86,3.6562,1840.69,6745.94,10.9688,5115.96,1,90.0
26842,3.0100,100.7650,-28.7350,104.8253,192.27,-57.83,313.66,372.42,313.66,2310.02,3.6562,1840.69,6745.94,10.9688,5115.96,1,90.0
26942,-6.6150,-73.0800,7.6650,73.7780,214.11,-22.08,523.14,565.69,523.14,4611.75,3.6562,1840.69,6745.94,10.9688,5115.96,1,90.0
27042,27.8775,96.9675,-9.2225,101.3159,251.32,-50.14,412.60,485.71,412.60,4458.09,3.6562,1840.69,6745.94,10.9688,5115.96,1,90.0
27142,-42.6300,-164.2725,33.5475,172.9977,228.99,-35.99,457.01,512.44,457.01,847.40,3.6562,1840.69,6745.94,10.9688,5115.96,1,90.0
27242,79.8525,335.3000,3.4125,344.6943,306.83,-59.90,527.77,613.41,527.77,13275.88,3.6562,1840.69,6745.94,10.9688,5115.96,1,90.0
27342,-73.6050,-295.7850,22.2775,305.6186,181.29,-10.25,528.63,558.94,528.63,5846.06,3.6562,1840.69,6745.94,10.9688,5115.96,1,90.0
27442,48.9825,198.7825,1.8025,204.7365,193.25,-25.74,453.84,493.94,453.84,4078.33,3.6562,1840.69,6745.94,10.9688,5115.96,1,90.0
27542,-76.2475,-282.6775,23.4150,293.7150,69.17,-113.70,346.11,370.82,346.11,15461.08,3.6562,1840.69,6745.94,10.9688,5115.96,1,90.0
27642,48.9300,12.0050,20.8775,54.5356,194.10,-20.13,544.61,578.51,544.61,3953.74,3.6562,1840.69,6745.94,10.9688,5115.96,1,90.0
27742,-59.7450,-11.6900,-28.1050,67.0523,211.79,-72.35,294.51,369.90,294.51,270.30,3.6562,1840.69,6745.94,10.9688,5115.96,1,90.0
27842,51.1175,70.0875,12.4075,87.6311,225.82,-63.07,627.08,669.48,627.08,3813.43,3.6562,1840.69,6745.94,10.9688,5115.96,1,90.0
27942,-18.7600,36.2950,-17.8325,44.5787,140.06,-47.09,351.24,381.05,351.24,706.86,3.6562,1840.69,6745.94,10.9688,5115.96,1,90.0
28042,10.8500,-34.7725,-10.4125,37.8849,204.11,-41.11,536.80,575.76,536.80,1053.91,3.6562,1840.69,6745.94,10.9688,5115.96,1,90.0
28142,-2.2925,21.0175,-12.5475,24.5852,215.70,-68.69,304.88,379.73,304.88,5530.89,3.6562,1840.69,6745.94,10.9688,5115.96,1,90.0
28242,5.6175,118.3350,-7.7875,118.7239,192.03,-40.50,405.28,450.30,405.28,1724.20,5.6875,1804.72,5582.66,11.3750,4301.15,1,90.9
28342,0.2800,-172.4625,-6.4225,172.5823,257.79,-68.08,600.73,657.24,600.73,8796.23,5.6875,1804.72,5582.66,11.3750,4301.15,1,90.9
28442,9.9925,230.7900,-16.8875,231.6227,239.00,-65.51,350.63,429.36,350.63,6192.33,5.6875,1804.72,5582.66,11.3750,4301.15,1,90.9
28542,11.2350,-185.2375,6.7375,185.7002,193.37,25.38,589.63,621.04,589.63,242.91,5.6875,1804.72,5582.66,11.3750,4301.15,1,90.9
28642,-9.2575,261.0825,-45.7275,265.2184,141.15,-42.58,314.15,347.03,314.15,7457.79,5.6875,1804.72,5582.66,11.3750,4301.15,1,90.9
28742,-1.8550,-117.9675,3.1150,118.0232,124.56,4.64,573.77,587.15,573.77,1952.01,5.6875,1804.72,5582.66,11.3750,4301.15,1,90.9
28842,-4.7075,-28.5950,-3.3775,29.1761,277.06,-51.24,425.90,510.67,425.90,1212.80,5.6875,1804.72,5582.66,11.3750,4301.15,1,90.9
28942,-17.2200,63.7175,-13.7725,67.4250,216.55,-54.05,391.38,450.54,391.38,769.63,5.6875,1804.72,5582.66,11.3750,4301.15,1,90.9
29042,36.7500,7.1925,18.1475,41.6128,122.24,-26.72,555.83,569.74,555.83,4274.10,5.6875,1804.72,5582.66,11.3750,4301.15,1,90.9
29142,-37.5900,10.4475,-41.1250,56.6871,187.88,-34.77,356.61,404.57,356.61,2954.63,5.6875,1804.72,5582.66,11.3750,4301.15,1,90.9
29242,-22.7500,-178.9550,-3.2550,180.4246,252.54,-14.40,598.90,650.12,598.90,2425.31,5.6875,1804.72,5582.66,11.3750,4301.15,1,90.9
29342,-4.9525,70.0875,-15.5400,71.9602,355.26,-40.38,374.42,517.72,374.42,3077.92,5.6875,1804.72,5582.66,11.3750,4301.15,1,90.9
29442,2.1175,-54.0575,16.5900,56.5856,256.93,-42.33,440.30,511.54,440.30,3687.66,5.6875,1804.72,5582.66,11.3750,4301.15,1,90.9
29542,65.7475,156.8000,9.3450,170.2830,311.34,-98.45,616.34,697.50,616.34,8364.91,5.6875,1804.72,5582.66,11.3750,4301.15,1,90.9
29642,-55.1075,-84.2975,-27.9475,104.5178,107.48,-39.89,365.76,383.30,365.76,5817.38,5.6875,1804.72,5582.66,11.3750,4301.15,1,90.9
29742,-11.4450,-20.2475,-10.0625,25.3417,181.29,-22.08,504.84,536.86,504.84,6096.42,5.6875,1804.72,5582.66,11.3750,4301.15,1,90.9
29842,-28.0700,231.0875,-45.2900,237.1509,172.87,-53.19,325.50,372.37,325.50,4099.00,5.6875,1804.72,5582.66,11.3750,4301.15,1,90.9
29942,9.9575,-128.6775,3.3075,129.1046,235.09,-22.08,536.31,585.99,536.31,2113.20,5.6875,1804.72,5582.66,11.3750,4301.15,1,90.9
30042,27.5625,206.5175,-20.8425,209.3886,231.68,-21.47,423.95,483.60,423.95,8458.25,5.6875,1804.72,5582.66,11.3750,4301.15,1,90.9
30142,-13.1075,-168.6125,10.1325,169.4245,121.88,1.71,531.68,545.47,531.68,641.75,5.6875,1804.72,5582.66,11.3750,4301.15,1,90.9
30242,8.6800,-34.6675,-13.6850,38.2682,258.27,-58.80,351.12,439.82,351.12,2106.01,5.6875,1804.72,5582.66,11.3750,4301.15,1,90.9
30342,-18.9875,-18.9175,-2.7300,26.9416,261.93,-38.92,424.93,500.69,424.93,925.86,5.6875,1804.72,5582.66,11.3750,4301.15,1,90.9
30442,70.5425,335.6150,1.9950,342.9543,309.88,-64.17,506.06,596.86,506.06,13356.78,5.6875,1804.72,5582.66,11.3750,4301.15,1,90.9
30542,-52.2200,-253.3650,-6.1075,258.7625,273.28,-42.09,460.06,536.76,460.06,683.12,5.6875,1804.72,5582.66,11.3750,4301.15,1,90.9
30642,49.7875,314.2125,-21.9275,318.8873,229.48,-33.55,565.71,611.41,565.71,8040.10,5.6875,1804.72,5582.66,11.3750,4301.15,1,90.9
30742,-28.5425,-299.4950,11.1125,301.0572,94.18,5.00,526.19,534.57,526.19,1783.53,5.6875,1804.72,5582.66,11.3750,4301.15,1,90.9
30842,30.3450,24.0800,11.0425,40.2815,209.60,-63.93,454.57,504.63,454.57,774.94,3.6562,3892.69,11261.53,3.6562,3892.69,1,91.7
30942,-89.7225,-203.5425,35.0700,225.1879,233.63,-64.05,354.90,429.70,354.90,7525.54,3.6562,3892.69,11261.53,3.6562,3892.69,1,91.7
31042,75.8100,301.7875,2.9225,311.1774,193.00,-15.25,455.55,494.98,455.55,646.01,3.6562,3892.69,11261.53,3.6562,3892.69,1,91.7
31142,-54.4600,-268.0300,11.4625,273.7469,227.29,-37.58,504.35,554.47,504.35,693.95,3.6562,3892.69,11261.53,3.6562,3892.69,1,91.7
31242,97.5800,346.4650,13.3175,360.1905,243.02,-6.34,516.79,571.12,516.79,6349.80,3.6562,3892.69,11261.53,3.6562,3892.69,1,91.7
31342,-43.0675,-255.4125,20.0550,259.7933,123.59,31.23,568.03,582.16,568.03,3180.74,3.6562,3892.69,11261.53,3.6562,3892.69,1,91.7
31442,42.6475,9.4675,9.7125,44.7524,202.15,-19.40,518.26,556.63,518.26,3253.06,3.6562,3892.69,11261.53,3.6562,3892.69,1,91.7
31542,-48.5275,-140.1050,-8.9950,148.5437,288.04,-73.44,343.67,454.39,343.67,992.99,3.6562,3892.69,11261.53,3.6562,3892.69,1,91.7
31642,35.9975,267.1550,-0.7000,269.5702,283.16,-16.35,477.75,555.60,477.75,1906.59,3.6562,3892.69,11261.53,3.6562,3892.69,1,91.7
31742,-30.2050,-253.4000,34.7725,257.5520,206.67,-3.17,497.88,539.08,497.88,861.58,3.6562,3892.69,11261.53,3.6562,3892.69,1,91.7
31842,50.0500,224.2450,-2.8875,229.7807,233.39,-0.85,515.45,565.83,515.45,3264.91,3.6562,3892.69,11261.53,3.6562,3892.69,1,91.7
31942,-62.0375,-233.4325,30.5550,243.4604,110.90,-85.52,365.15,391.08,365.15,13607.28,3.6562,3892.69,11261.53,3.6562,3892.69,1,91.7
32042,81.8475,117.3025,17.3075,144.0779,188.12,-0.73,528.02,560.53,528.02,6047.99,3.6562,3892.69,11261.53,3.6562,3892.69,1,91.7
32142,-54.3550,-195.5100,19.7050,203.8796,286.09,-50.14,439.81,527.06,439.81,948.94,3.6562,3892.69,11261.53,3.6562,3892.69,1,91.7
32242,12.0050,150.5000,-25.7600,153.1599,186.66,-51.36,395.77,440.58,395.77,398.46,3.6562,3892.69,11261.53,3.6562,3892.69,1,91.7
32342,11.9350,-58.4150,2.6950,59.6827,164.09,-30.38,526.43,552.25,526.43,3249.87,3.6562,3892.69,11261.53,3.6562,3892.69,1,91.7
32442,31.3950,125.9650,-0.4900,129.8194,225.94,-42.94,427.24,485.21,427.24,5713.36,3.6562,3892.69,11261.53,3.6562,3892.69,1,91.7
32542,-57.4000,-217.5250,14.7700,225.4552,188.37,-0.85,514.47,547.87,514.47,1169.97,3.6562,3892.69,11261.53,3.6562,3892.69,1,91.7
32642,34.7725,197.4350,-28.9100,202.5475,239.85,-55.39,425.66,491.71,425.66,6511.67,3.6562,3892.69,11261.53,3.6562,3892.69,1,91.7
32742,-6.6500,-76.8250,-0.5600,77.1143,196.54,-25.25,580.48,613.37,580.48,6579.45,3.6562,3892.69,11261.53,3.6562,3892.69,1,91.7
32842,47.6525,213.5525,-29.1375,220.7361,218.26,-30.62,443.10,494.89,443.10,10263.32,3.6562,3892.69,11261.53,3.6562,3892.69,1,91.7
32942,-23.7300,-197.2250,2.3100,198.6609,190.44,-16.59,542.17,574.88,542.17,1744.41,3.6562,3892.69,11261.53,3.6562,3892.69,1,91.7
33042,35.8575,89.0750,-2.2050,96.0467,259.25,-55.75,396.13,476.70,396.13,5485.70,3.6562,3892.69,11261.53,3.6562,3892.69,1,91.7
33142,-48.1775,-144.1475,17.9725,153.0444,258.52,0.24,486.54,550.95,486.54,2044.76,3.6562,3892.69,11261.53,3.6562,3892.69,1,91.7
33242,97.5800,239.3300,9.3450,258.6272,270.11,-39.53,556.93,620.24,556.93,8183.01,3.6562,3892.69,11261.53,3.6562,3892.69,1,91.7
33342,-45.9900,-168.0000,0.9275,174.1836,159.82,-85.16,415.17,452.94,415.17,2578.63,5.6875,1096.58,3957.57,10.1562,3634.43,1,92.3
33442,43.2775,222.1450,0.9975,226.3235,248.39,-5.98,555.10,608.17,555.10,8655.95,5.6875,1096.58,3957.57,10.1562,3634.43,1,92.3
33542,-32.4275,-341.7925,39.2525,345.5639,188.86,25.62,516.06,550.13,516.06,1397.86,5.6875,1096.58,3957.57,10.1562,3634.43,1,92.3
33642,52.9725,167.4225,13.7025,176.1367,268.89,-58.07,471.04,545.48,471.04,3879.51,5.6875,1096.58,3957.57,10.1562,3634.43,1,92.3
33742,-50.3300,-34.1950,-5.3025,61.0780,147.50,-68.32,361.24,396.13,361.24,3505.66,5.6875,1096.58,3957.57,10.1562,3634.43,1,92.3
33842,52.7975,49.7000,18.3400,74.7932,196.05,-14.40,666.97,695.34,666.97,7148.16,5.6875,1096.58,3957.57,10.1562,3634.43,1,92.3
33942,-70.6825,-153.4575,10.8675,169.3025,154.57,-142.98,276.45,347.51,276.45,6374.33,5.6875,1096.58,3957.57,10.1562,3634.43,1,92.3
34042,117.7400,313.0050,-4.3750,334.4458,345.14,-50.39,672.71,757.76,672.71,17591.88,5.6875,1096.58,3957.57,10.1562,3634.43,1,92.3
34142,-47.1800,-87.9725,-18.9525,101.6086,119.80,-51.61,386.01,407.45,386.01,4230.84,5.6875,1096.58,3957.57,10.1562,3634.43,1,92.3
34242,-5.2850,111.7900,4.1300,111.9910,233.51,-58.80,398.57,465.67,398.57,3653.52,5.6875,1096.58,3957.57,10.1562,3634.43,1,92.3
34342,-20.3000,-251.9825,32.0600,254.8237,175.31,-64.90,402.72,444.00,402.72,5128.50,5.6875,1096.58,3957.57,10.1562,3634.43,1,92.3
34442,72.6775,163.6075,31.6225,181.7950,264.25,-63.32,482.63,553.87,482.63,8530.50,5.6875,1096.58,3957.57,10.1562,3634.43,1,92.3
34542,-38.9025,-33.1275,-11.2350,52.3169,134.81,-89.30,386.98,419.41,386.98,3302.48,5.6875,1096.58,3957.57,10.1562,3634.43,1,92.3
34642,34.7200,74.1825,0.1750,81.9058,258.76,-4.51,622.44,674.10,622.44,8433.40,5.6875,1096.58,3957.57,10.1562,3634.43,1,92.3
34742,-35.9450,-175.9100,10.7800,179.8682,109.80,-115.78,287.31,328.65,287.31,7119.38,5.6875,1096.58,3957.57,10.1562,3634.43,1,92.3
34842,59.3075,79.7475,7.1925,99.6432,257.91,-29.04,533.02,592.85,533.02,1040.26,5.6875,1096.58,3957.57,10.1562,3634.43,1,92.3
34942,-26.8275,12.1625,-16.7650,33.8926,124.68,-35.87,328.42,353.12,328.42,4553.77,5.6875,1096.58,3957.57,10.1562,3634.43,1,92.3
35042,23.9575,-40.6875,15.9775,49.8469,188.00,-12.57,523.01,555.92,523.01,249.43,5.6875,1096.58,3957.57,10.1562,3634.43,1,92.3
35142,-23.4500,-79.5375,-29.4875,88.0093,272.43,-55.88,408.94,494.54,408.94,1239.43,5.6875,1096.58,3957.57,10.1562,3634.43,1,92.3
35242,6.2825,147.3325,-10.9375,147.8715,173.85,-18.54,423.46,458.14,423.46,3694.41,5.6875,1096.58,3957.57,10.1562,3634.43,1,92.3
35342,2.3975,-157.3775,12.0750,157.8583,212.52,-15.25,544.36,584.58,544.36,951.76,5.6875,1096.58,3957.57,10.1562,3634.43,1,92.3
35442,-1.2775,111.7375,-10.8150,112.2669,197.52,-73.81,339.53,399.67,339.53,550.48,5.6875,1096.58,3957.57,10.1562,3634.43,1,92.3
35542,-16.6775,-200.4625,-3.3425,201.1828,246.81,5.37,512.52,568.88,512.52,4526.54,5.6875,1096.58,3957.57,10.1562,3634.43,1,92.3
35642,29.2250,197.5225,-8.7675,199.8652,197.64,-48.43,377.83,429.15,377.83,6274.69,5.6875,1096.58,3957.57,10.1562,3634.43,1,92.3
35742,-20.0025,-172.9000,16.5550,174.8387,194.35,9.03,573.89,605.97,573.89,1636.81,5.6875,1096.58,3957.57,10.1562,3634.43,1,92.3
35842,73.8325,144.0600,-1.8550,161.8887,245.22,-43.68,422.12,490.13,422.12,3988.13,5.6875,1096.58,3957.57,10.1562,3634.43,1,92.3
35942,-48.2300,-103.9675,11.3750,115.1728,203.01,-42.58,426.15,473.95,426.15,2455.62,3.6562,1434.57,5642.19,10.5625,3411.07,1,92.9
36042,-13.8425,79.6950,-8.9600,81.3830,218.14,-18.42,543.39,585.83,543.39,2208.15,3.6562,1434.57,5642.19,10.5625,3411.07,1,92.9
36142,22.0150,-10.3950,11.4450,26.9018,183.24,-52.95,453.96,492.41,453.96,3148.68,3.6562,1434.57,5642.19,10.5625,3411.07,1,92.9
36242,3.3950,80.9900,-1.5750,81.0764,181.90,-69.54,494.83,531.77,494.83,3689.32,3.6562,1434.57,5642.19,10.5625,3411.07,1,92.9
36342,24.5175,21.7525,22.5925,39.8083,191.42,-71.86,535.09,572.82,535.09,6275.04,3.6562,1434.57,5642.19,10.5625,3411.07,1,92.9
36442,6.2825,31.0100,103.9675,108.6753,138.71,-70.03,552.90,574.32,552.90,3094.34,3.6562,1434.57,5642.19,10.5625,3411.07,1,92.9
36542,33.6000,15.4175,93.0475,100.1224,-124.68,30.13,493.61,510.01,493.61,2127.83,3.6562,1434.57,5642.19,10.5625,3411.07,1,92.9
36642,-6.8425,10.7975,54.6175,56.0935,-13.79,-45.99,476.65,479.07,476.65,840.19,3.6562,1434.57,5642.19,10.5625,3411.07,1,92.9
36742,-20.4750,-36.7325,-19.4250,46.3231,-13.42,-56.49,501.91,505.25,501.91,118.30,3.6562,1434.57,5642.19,10.5625,3411.07,1,92.9
36842,-47.7400,-5.3900,-17.1675,51.0185,-179.83,-253.27,376.25,487.90,376.25,1326.03,3.6562,1434.57,5642.19,10.5625,3411.07,1,92.9
36942,-3.1675,-138.6350,-2.3100,138.6904,154.09,-100.04,426.51,464.40,426.51,944.70,3.6562,1434.57,5642.19,10.5625,3411.07,1,92.9
37042,-1.0675,-59.1150,-20.6325,62.6213,250.47,-150.79,534.36,609.11,534.36,5231.67,3.6562,1434.57,5642.19,10.5625,3411.07,1,92.9
37142,-5.5125,119.1750,41.1250,126.1917,210.69,-162.63,476.29,545.61,476.29,1915.88,3.6562,1434.57,5642.19,10.5625,3411.07,1,92.9
37242,-26.7050,113.7150,67.9350,135.1274,20.37,-155.18,387.23,417.66,387.23,456.16,3.6562,1434.57,5642.19,10.5625,3411.07,1,92.9
37342,-8.9600,-203.0525,-9.2225,203.4592,67.71,-208.01,554.73,596.31,554.73,3748.60,3.6562,1434.57,5642.19,10.5625,3411.07,1,92.9
37442,20.8775,157.6925,-9.5025,159.3521,214.96,-131.15,406.50,478.18,406.50,5000.79,3.6562,1434.57,5642.19,10.5625,3411.07,1,92.9
37542,4.6025,27.5100,7.8575,28.9780,102.24,-187.76,434.69,484.41,434.69,4110.82,3.6562,1434.57,5642.19,10.5625,3411.07,1,92.9
37642,-53.2875,-199.4825,-116.0775,236.8688,288.29,-197.03,531.19,635.68,531.19,6762.77,3.6562,1434.57,5642.19,10.5625,3411.07,1,92.9
37742,-21.9625,141.5750,51.2050,152.1440,149.45,-212.40,482.75,548.18,482.75,4453.54,3.6562,1434.57,5642.19,10.5625,3411.07,1,92.9
37842,-9.2400,-112.8400,12.9325,113.9539,150.55,-216.92,445.79,518.12,445.79,352.30,3.6562,1434.57,5642.19,10.5625,3411.07,1,92.9
37942,2.5725,147.5600,38.4475,152.5083,202.76,-84.67,386.74,444.80,386.74,3658.05,3.6562,1434.57,5642.19,10.5625,3411.07,1,92.9
38042,4.0775,-8.5925,13.1775,16.2513,144.69,-203.98,492.27,552.15,492.27,285.65,3.6562,1434.57,5642.19,10.5625,3411.07,1,92.9
38142,-10.7100,44.4675,-13.5625,47.7075,216.06,-99.19,411.26,475.03,411.26,715.41,3.6562,1434.57,5642.19,10.5625,3411.07,1,92.9
38242,-4.5850,176.3300,27.0900,178.4577,195.93,-210.45,561.44,630.79,561.44,8416.47,3.6562,1434.57,5642.19,10.5625,3411.07,1,92.9
38342,-13.9825,-300.9475,-91.9275,314.9850,82.59,-203.50,399.18,455.61,399.18,252.01,3.6562,1434.57,5642.19,10.5625,3411.07,1,92.9
38444,21.7700,211.5050,37.2050,215.8530,120.66,-228.26,438.22,508.63,438.22,5420.40,4.4688,1802.41,6441.96,0.4062,4217.93,1,93.3
38542,-25.2175,-282.3625,-61.7050,290.1241,162.63,-263.52,484.46,574.97,484.46,5827.03,4.4688,1802.41,6441.96,0.4062,4217.93,1,93.3
38642,18.8650,201.3375,24.0800,203.6480,199.84,-138.23,388.45,458.18,388.45,640.45,4.4688,1802.41,6441.96,0.4062,4217.93,1,93.3
38742,3.2900,48.0375,11.1650,49.4276,166.65,-197.76,543.63,602.01,543.63,2249.99,4.4688,1802.41,6441.96,0.4062,4217.93,1,93.3
38842,-41.4750,2.9750,-31.0450,51.8924,258.52,-84.42,299.63,404.65,299.63,8029.56,4.4688,1802.41,6441.96,0.4062,4217.93,1,93.3
38942,26.4950,131.5300,12.0750,134.7142,167.02,-249.49,532.53,611.33,532.53,3851.70,4.4688,1802.41,6441.96,0.4062,4217.93,1,93.3
39042,-40.8975,-50.9775,-8.1375,65.8599,177.14,-138.35,369.05,432.11,369.05,2415.99,4.4688,1802.41,6441.96,0.4062,4217.93,1,93.3
39142,21.1050,111.7725,10.6400,114.2441,166.04,-184.71,469.58,531.22,469.58,2078.50,4.4688,1802.41,6441.96,0.4062,4217.93,1,93.3
39242,2.3275,-158.3750,-29.1725,161.0562,293.65,-175.80,495.56,602.26,495.56,4678.33,4.4688,1802.41,6441.96,0.4062,4217.93,1,93.3
39342,-59.2025,-164.3075,-98.0875,200.3074,284.14,-156.89,413.21,525.45,413.21,425.26,4.4688,1802.41,6441.96,0.4062,4217.93,1,93.3
39442,-28.1575,246.6450,27.5100,249.7667,9.15,-260.71,510.57,573.36,510.57,2277.03,4.4688,1802.41,6441.96,0.4062,4217.93,1,93.3
39542,46.1475,-249.8650,-24.5875,255.2776,-12.32,-264.74,444.81,517.78,444.81,4915.88,4.4688,1802.41,6441.96,0.4062,4217.93,1,93.3
39642,7.3325,56.5775,25.8300,62.6256,197.76,-195.44,421.27,504.75,421.27,4748.42,4.4688,1802.41,6441.96,0.4062,4217.93,1,93.3
39742,45.6575,-119.2275,-95.9350,159.6976,274.99,-221.55,413.58,543.83,413.58,7536.54,4.4688,1802.41,6441.96,0.4062,4217.93,1,93.3
39842,-2.9050,110.0750,37.9050,116.4549,363.19,-133.10,404.19,559.46,404.19,3746.58,4.4688,1802.41,6441.96,0.4062,4217.93,1,93.3
39942,-10.4650,133.4200,27.0025,136.5267,161.16,-187.27,461.65,523.60,461.65,2170.80,4.4688,1802.41,6441.96,0.4062,4217.93,1,93.3
40042,19.0750,-157.7100,39.2350,163.6328,174.22,-207.28,473.97,545.86,473.97,1220.84,4.4688,1802.41,6441.96,0.4062,4217.93,1,93.3
40142,27.4050,210.3675,51.9575,218.4150,131.03,-177.63,381.37,440.64,381.37,3885.14,4.4688,1802.41,6441.96,0.4062,4217.93,1,93.3
40242,0.7000,-76.3175,-30.5725,82.2164,142.37,-184.83,479.46,533.21,479.46,3162.77,4.4688,1802.41,6441.96,0.4062,4217.93,1,93.3
40342,-12.3550,54.6350,49.4725,74.7339,232.04,-151.65,375.15,466.45,375.15,5556.74,4.4688,1802.41,6441.96,0.4062,4217.93,1,93.3
40442,5.3200,208.9500,50.8900,215.1237,237.78,-189.59,569.37,645.50,569.37,11839.57,4.4688,1802.41,6441.96,0.4062,4217.93,1,93.3
40542,-58.2575,-211.6625,-138.2500,259.4379,204.35,-193.61,420.90,506.36,420.90,7476.43,4.4688,1802.41,6441.96,0.4062,4217.93,1,93.3
40642,15.8550,203.9975,31.2725,206.9887,160.31,-157.38,359.78,424.15,359.78,2265.17,4.4688,1802.41,6441.96,0.4062,4217.93,1,93.3
40742,22.1375,-141.5400,8.1725,143.4937,123.22,-222.89,439.08,507.60,439.08,5823.37,4.4688,1802.41,6441.96,0.4062,4217.93,1,93.3
40842,-4.2525,172.7775,58.3450,182.4124,182.63,-86.99,318.91,377.66,318.91,553.20,4.4688,1802.41,6441.96,0.4062,4217.93,1,93.3
40942,-15.0325,63.5425,31.2375,72.3837,118.71,-252.54,556.44,622.49,556.44,3631.25,4.4688,1802.41,6441.96,0.4062,4217.93,1,93.3
41042,-13.6325,-47.7400,-18.1125,52.8490,147.01,-148.84,368.44,423.69,368.44,2835.93,5.6875,3895.84,10364.05,6.0938,3933.34,1,93.8
41142,21.5075,296.0650,8.4700,296.9660,191.42,-163.48,395.52,468.83,395.52,2319.06,5.6875,3895.84,10364.05,6.0938,3933.34,1,93.8
41242,-21.3150,-115.9025,59.2200,131.8891,91.99,-212.52,525.94,574.67,525.94,6914.73,5.6875,3895.84,10364.05,6.0938,3933.34,1,93.8
41342,-3.9900,158.6725,44.8350,164.9335,255.22,-96.26,293.65,400.80,293.65,313.87,5.6875,3895.84,10364.05,6.0938,3933.34,1,93.8
41442,6.2825,127.8375,44.9925,135.6695,209.84,-210.69,575.47,647.76,575.47,6855.97,5.6875,3895.84,10364.05,6.0938,3933.34,1,93.8
41542,-20.1425,-37.7650,4.0250,42.9897,161.41,-169.09,422.00,482.42,422.00,1100.47,5.6875,3895.84,10364.05,6.0938,3933.34,1,93.8
41642,-32.9350,-194.1975,-111.4925,226.3360,265.47,-171.41,314.52,445.84,314.52,83.44,5.6875,3895.84,10364.05,6.0938,3933.34,1,93.8
41742,8.0150,12.1800,4.2875,15.1979,252.54,-233.39,592.68,685.21,592.68,1036.54,5.6875,3895.84,10364.05,6.0938,3933.34,1,93.8
41842,7.2100,-72.8350,22.2425,76.4961,176.53,-184.83,449.81,517.36,449.81,1213.50,5.6875,3895.84,10364.05,6.0938,3933.34,1,93.8
41942,-13.1775,68.5475,0.5075,69.8045,225.21,-144.08,328.91,423.87,328.91,1974.30,5.6875,3895.84,10364.05,6.0938,3933.34,1,93.8
42042,0.6300,-3.1675,1.8550,3.7244,179.95,-210.45,458.72,535.81,458.72,2766.00,5.6875,3895.84,10364.05,6.0938,3933.34,1,93.8
42142,8.2425,-6.1075,-2.8000,10.6339,161.53,-201.91,461.40,528.92,461.40,744.49,5.6875,3895.84,10364.05,6.0938,3933.34,1,93.8
42242,-10.3775,34.8425,-9.1525,37.4895,159.58,-143.72,406.50,459.74,406.50,1997.99,5.6875,3895.84,10364.05,6.0938,3933.34,1,93.8
42342,-37.3450,-138.7925,-25.4100,145.9578,261.45,-135.54,360.88,465.79,360.88,1625.18,5.6875,3895.84,10364.05,6.0938,3933.34,1,93.8
